round,coverage,precision_k,n_accepted,n_recs,n_active_users,n_skipped_users,mrr@1,hits@1,mrr@3,hits@3,mrr@5,hits@5,mrr@10,hits@10,hit_rate@1,rec_coverage@1,unique_recs@1,novelty,clustering_diff,degree_kl,replay_size
0,0.2535764491854792,0.030796460176991152,87.0,2825.0,378.0,0.0,0.3888888888888889,0.3888888888888889,0.4753086419753086,0.5925925925925926,0.4975308641975308,0.6851851851851852,0.5348471487360376,1.0,0.05555555555555555,0.24959481361426256,308.0,2.0,0.1430822469781575,0.08564296923817095,0.0
1,0.25733895642107,0.03179594689028651,91.0,2862.0,378.0,0.0,0.5652173913043478,0.5652173913043478,0.6195652173913043,0.6956521739130435,0.6445652173913043,0.8043478260869565,0.6685990338164252,1.0,0.06878306878306878,0.231473771856786,278.0,,,,0.0
2,0.2623831968907632,0.04282204282204282,122.0,2849.0,378.0,0.0,0.4307692307692308,0.4307692307692308,0.5051282051282051,0.6,0.5343589743589744,0.7230769230769231,0.5707509157509157,1.0,0.07407407407407407,0.23785166240409208,279.0,,,,0.0
3,0.26779955346067974,0.043262879788639366,131.0,3028.0,378.0,0.0,0.35443037974683544,0.35443037974683544,0.44936708860759494,0.569620253164557,0.47531645569620257,0.6835443037974683,0.5178018886879647,1.0,0.07407407407407407,0.22258326563769293,274.0,,,,0.0
4,0.27495245183163813,0.05569864777849324,173.0,3106.0,378.0,0.0,0.5263157894736842,0.5263157894736842,0.5833333333333333,0.6710526315789473,0.6083333333333334,0.7894736842105263,0.6360954469507101,1.0,0.10582010582010581,0.24680851063829787,290.0,,,,0.0
5,0.28107169436864304,0.047865459249676584,148.0,3092.0,378.0,0.0,0.40476190476190477,0.40476190476190477,0.49007936507936506,0.6309523809523809,0.5275793650793651,0.7976190476190477,0.555645313681028,1.0,0.08994708994708994,0.2454308093994778,282.0,,,,0.0
6,0.28785247663937813,0.052954472069744914,164.0,3097.0,378.0,0.0,0.3956043956043956,0.3956043956043956,0.4816849816849817,0.5824175824175825,0.5184981684981685,0.7362637362637363,0.5554116518402232,1.0,0.09523809523809523,0.22536418166238217,263.0,,,,0.0
7,0.29421979657653186,0.04991896272285251,154.0,3085.0,378.0,0.0,0.2911392405063291,0.2911392405063291,0.39873417721518983,0.5443037974683544,0.42784810126582273,0.6708860759493671,0.47276974080771555,1.0,0.06084656084656084,0.2491258741258741,285.0,,,,0.0
8,0.3006698089804019,0.04921135646687697,156.0,3170.0,378.0,0.0,0.26582278481012656,0.26582278481012656,0.39873417721518983,0.5822784810126582,0.42848101265822797,0.7215189873417721,0.46610910186859567,1.0,0.05555555555555555,0.21746575342465754,254.0,,,,0.0
9,0.3076573224179277,0.05420141116100064,169.0,3118.0,378.0,0.0,0.29411764705882354,0.29411764705882354,0.4235294117647059,0.6,0.4605882352941177,0.7647058823529411,0.4912931839402429,1.0,0.06613756613756613,0.24214417744916822,262.0,,,,0.0
10,0.314479450922021,0.05188679245283019,165.0,3180.0,378.0,0.0,0.34615384615384615,0.34615384615384615,0.46794871794871795,0.6153846153846154,0.4967948717948718,0.7435897435897436,0.5301332926332927,1.0,0.07142857142857142,0.22271517302573204,251.0,1.8978494623655915,0.10780415837768773,0.05621627997266715,0.0
11,0.31964773009178865,0.039457070707070704,125.0,3168.0,378.0,0.0,0.24390243902439024,0.24390243902439024,0.32926829268292684,0.4634146341463415,0.38353658536585367,0.7073170731707317,0.4227642276422765,1.0,0.05291005291005291,0.24352828379674019,254.0,,,,0.0
12,0.32638716612916563,0.05119346733668342,163.0,3184.0,378.0,0.0,0.34444444444444444,0.34444444444444444,0.4407407407407407,0.5555555555555556,0.4662962962962963,0.6666666666666666,0.5106481481481483,1.0,0.082010582010582,0.24285714285714285,255.0,,,,0.0
13,0.33134871413214256,0.03811944091486658,120.0,3148.0,378.0,0.0,0.3055555555555556,0.3055555555555556,0.39351851851851855,0.5,0.41435185185185186,0.5972222222222222,0.46565255731922406,1.0,0.0582010582010582,0.24291115311909262,257.0,,,,0.0
14,0.33759199536922185,0.04798220527486495,151.0,3147.0,378.0,0.0,0.2077922077922078,0.2077922077922078,0.3484848484848484,0.5324675324675324,0.38160173160173155,0.6753246753246753,0.42273242630385494,1.0,0.042328042328042326,0.24003795066413663,253.0,,,,0.0
15,0.34238815843876624,0.035247645092677,116.0,3291.0,378.0,0.0,0.16417910447761194,0.16417910447761194,0.2960199004975124,0.47761194029850745,0.33482587064676617,0.6567164179104478,0.3831319592513622,1.0,0.0291005291005291,0.23098591549295774,246.0,,,,0.0
16,0.3468535516414455,0.03515625,108.0,3072.0,378.0,0.0,0.273972602739726,0.273972602739726,0.3675799086757991,0.4931506849315068,0.4011415525114155,0.6438356164383562,0.4474396607958252,1.0,0.05291005291005291,0.2528977871443625,240.0,,,,0.0
17,0.3521458695112875,0.039287906691221605,128.0,3258.0,378.0,0.0,0.2054794520547945,0.2054794520547945,0.2990867579908676,0.4520547945205479,0.32511415525114157,0.5753424657534246,0.3811535116329637,1.0,0.03968253968253968,0.22263109475620976,242.0,,,,0.0
18,0.3570660712809063,0.03669441874807277,119.0,3243.0,378.0,0.0,0.2,0.2,0.3428571428571428,0.5571428571428572,0.3678571428571429,0.6714285714285714,0.40799886621315196,1.0,0.037037037037037035,0.23104693140794225,256.0,,,,0.0
19,0.36095261721657157,0.028641072516758074,94.0,3282.0,378.0,0.0,0.24193548387096775,0.24193548387096775,0.3252688172043011,0.45161290322580644,0.38091397849462366,0.6935483870967742,0.4214477726574501,1.0,0.03968253968253968,0.24514338575393155,265.0,,,,0.0
20,0.36537666418589265,0.032336053188274407,107.0,3309.0,378.0,0.0,0.25,0.25,0.32843137254901966,0.45588235294117646,0.37328431372549026,0.6470588235294118,0.4210142390289449,1.0,0.04497354497354497,0.2348860257680872,237.0,1.9308510638297873,0.08646470675129433,0.07260517643350593,0.0
21,0.36980071115521373,0.03300431832202344,107.0,3242.0,378.0,0.0,0.2753623188405797,0.2753623188405797,0.4130434782608695,0.5797101449275363,0.43405797101449267,0.6666666666666666,0.4769496204278813,1.0,0.05026455026455026,0.24147465437788018,262.0,,,,0.0
22,0.3734805259240883,0.027426810477657937,89.0,3245.0,378.0,0.0,0.19298245614035087,0.19298245614035087,0.27485380116959063,0.38596491228070173,0.3073099415204678,0.5263157894736842,0.37323169033695347,1.0,0.0291005291005291,0.2442528735632184,255.0,,,,0.0
23,0.3773670718597536,0.029643645537685274,94.0,3171.0,378.0,0.0,0.2,0.2,0.2923076923076923,0.4307692307692308,0.3384615384615385,0.6307692307692307,0.3833455433455433,1.0,0.03439153439153439,0.23689320388349513,244.0,,,,0.0
24,0.38146034896220954,0.030480295566502464,99.0,3248.0,378.0,0.0,0.19117647058823528,0.19117647058823528,0.2990196078431373,0.4411764705882353,0.33725490196078434,0.6176470588235294,0.38727824463118576,1.0,0.03439153439153439,0.24806201550387597,256.0,,,,0.0
25,0.384230546597205,0.02031534263189812,67.0,3298.0,378.0,0.0,0.2916666666666667,0.2916666666666667,0.3993055555555555,0.5416666666666666,0.42743055555555554,0.6666666666666666,0.4685681216931217,1.0,0.037037037037037035,0.2438380281690141,277.0,,,,0.0
26,0.38650458943190275,0.01673258290234256,55.0,3287.0,378.0,0.0,0.2127659574468085,0.2127659574468085,0.3262411347517731,0.48936170212765956,0.3730496453900709,0.6808510638297872,0.4113644039175954,1.0,0.026455026455026454,0.25444839857651247,286.0,,,,0.0
27,0.3888613247333168,0.017981072555205046,57.0,3170.0,378.0,0.0,0.43478260869565216,0.43478260869565216,0.5181159420289855,0.6086956521739131,0.5420289855072464,0.717391304347826,0.5781055900621118,1.0,0.05291005291005291,0.23164763458401305,284.0,,,,0.0
28,0.39084594393450756,0.015113350125944584,48.0,3176.0,378.0,0.0,0.35714285714285715,0.35714285714285715,0.4603174603174603,0.5952380952380952,0.4865079365079365,0.7142857142857143,0.519671201814059,1.0,0.03968253968253968,0.2850595783684693,311.0,,,,0.0
29,0.39345075663607043,0.019183922046285017,63.0,3284.0,378.0,0.0,0.45454545454545453,0.45454545454545453,0.553030303030303,0.6590909090909091,0.5757575757575757,0.75,0.6100198412698412,1.0,0.05291005291005291,0.26636363636363636,293.0,,,,0.0
30,0.3953113371371868,0.013607499244027819,45.0,3307.0,378.0,0.0,0.4,0.4,0.5,0.6285714285714286,0.52,0.7142857142857143,0.557358276643991,1.0,0.037037037037037035,0.2608318890814558,301.0,1.9210526315789473,0.07759309582217946,0.07470379733539843,0.0
31,0.39688249400479614,0.011685116851168511,38.0,3252.0,378.0,0.0,0.3055555555555556,0.3055555555555556,0.3796296296296296,0.4722222222222222,0.4199074074074074,0.6388888888888888,0.4669973544973545,1.0,0.0291005291005291,0.26607929515418505,302.0,,,,0.0
32,0.3987430745059125,0.014124293785310734,45.0,3186.0,378.0,0.0,0.38461538461538464,0.38461538461538464,0.4401709401709401,0.5128205128205128,0.47606837606837604,0.6666666666666666,0.5188644688644688,1.0,0.03968253968253968,0.2502078137988362,301.0,,,,0.0
33,0.400645001240387,0.014201914171040445,46.0,3239.0,378.0,0.0,0.3333333333333333,0.3333333333333333,0.373015873015873,0.42857142857142855,0.4003968253968255,0.5476190476190477,0.4593537414965987,1.0,0.037037037037037035,0.26012058570198104,302.0,,,,0.0
34,0.40254692797486147,0.014080195898377716,46.0,3267.0,378.0,0.0,0.25,0.25,0.4074074074074074,0.6111111111111112,0.41435185185185186,0.6388888888888888,0.4583664021164021,1.0,0.023809523809523808,0.25444839857651247,286.0,,,,0.0
35,0.4039940461423964,0.010726325467361323,35.0,3263.0,378.0,0.0,0.41379310344827586,0.41379310344827586,0.4942528735632184,0.6206896551724138,0.5114942528735632,0.6896551724137931,0.555103995621237,1.0,0.031746031746031744,0.26498696785403997,305.0,,,,0.0
36,0.40602001157694534,0.015114127082048118,49.0,3242.0,378.0,0.0,0.45454545454545453,0.45454545454545453,0.5151515151515151,0.5757575757575758,0.5606060606060606,0.7878787878787878,0.5884078884078884,1.0,0.03968253968253968,0.26702033598585323,302.0,,,,0.0
37,0.407673860911271,0.012277470841006752,40.0,3258.0,378.0,0.0,0.30303030303030304,0.30303030303030304,0.43434343434343436,0.5757575757575758,0.44191919191919193,0.6060606060606061,0.4968614718614718,1.0,0.026455026455026454,0.24958402662229617,300.0,,,,0.0
38,0.4093690564789548,0.012721067328575862,41.0,3223.0,378.0,0.0,0.4,0.4,0.48333333333333334,0.6,0.53,0.8,0.5545238095238095,1.0,0.031746031746031744,0.24787775891341257,292.0,,,,0.0
39,0.4111469445133548,0.013279802347127856,43.0,3238.0,378.0,0.0,0.35135135135135137,0.35135135135135137,0.42342342342342343,0.5135135135135135,0.44774774774774784,0.6216216216216216,0.4955920205920205,1.0,0.03439153439153439,0.25970664365832613,301.0,,,,0.0
40,0.41242867774745723,0.009532595325953259,31.0,3252.0,378.0,0.0,0.24,0.24,0.40666666666666673,0.64,0.43266666666666664,0.76,0.4605555555555555,1.0,0.015873015873015872,0.2602040816326531,306.0,1.9781420765027322,0.0726520448921101,0.08596670538608936,0.0
41,0.4136690647482014,0.00939261114589856,30.0,3194.0,378.0,0.0,0.5,0.5,0.5555555555555556,0.625,0.595138888888889,0.7916666666666666,0.6215773809523809,1.0,0.031746031746031744,0.27168141592920353,307.0,,,,0.0
42,0.4150748366823782,0.010353227771010963,34.0,3284.0,378.0,0.0,0.37037037037037035,0.37037037037037035,0.48148148148148157,0.6296296296296297,0.5166666666666667,0.7777777777777778,0.5436654908877132,1.0,0.026455026455026454,0.25535561268209084,298.0,,,,0.0
43,0.4166459935499876,0.011801242236024845,38.0,3220.0,378.0,0.0,0.34285714285714286,0.34285714285714286,0.45238095238095233,0.6,0.4880952380952381,0.7714285714285715,0.5178798185941043,1.0,0.031746031746031744,0.2684258416742493,295.0,,,,0.0
44,0.41792772678408996,0.009597523219814242,31.0,3230.0,378.0,0.0,0.4230769230769231,0.4230769230769231,0.5128205128205128,0.6153846153846154,0.5455128205128206,0.7692307692307693,0.5729700854700854,1.0,0.0291005291005291,0.25535561268209084,298.0,,,,0.0
45,0.41933349871826675,0.010542635658914728,34.0,3225.0,378.0,0.0,0.48148148148148145,0.48148148148148145,0.5617283950617284,0.6666666666666666,0.5839506172839507,0.7777777777777778,0.6110964138741916,1.0,0.03439153439153439,0.25384615384615383,297.0,,,,0.0
46,0.42061523195236916,0.009645301804604853,31.0,3214.0,378.0,0.0,0.48,0.48,0.5333333333333333,0.6,0.5673333333333334,0.76,0.5988253968253968,1.0,0.031746031746031744,0.24541832669322708,308.0,,,,0.0
47,0.42152484908624827,0.006796416434970652,22.0,3237.0,378.0,0.0,0.2857142857142857,0.2857142857142857,0.38095238095238093,0.47619047619047616,0.4166666666666667,0.6190476190476191,0.46630763416477705,1.0,0.015873015873015872,0.2718531468531469,311.0,,,,0.0
48,0.4228892747870669,0.010178901912399754,33.0,3242.0,378.0,0.0,0.2857142857142857,0.2857142857142857,0.36904761904761907,0.4642857142857143,0.4119047619047619,0.6428571428571429,0.4588293650793651,1.0,0.021164021164021163,0.2504273504273504,293.0,,,,0.0
49,0.4244190854213181,0.0111011101110111,37.0,3333.0,378.0,0.0,0.3333333333333333,0.3333333333333333,0.42424242424242425,0.5757575757575758,0.45303030303030306,0.696969696969697,0.4924603174603175,1.0,0.0291005291005291,0.25061626951520133,305.0,,,,0.0
50,0.42553543372198793,0.008408595453129867,27.0,3211.0,378.0,0.0,0.46153846153846156,0.46153846153846156,0.5576923076923076,0.6923076923076923,0.5673076923076923,0.7307692307692307,0.6002594627594627,1.0,0.031746031746031744,0.2593235039028621,299.0,1.9210526315789473,0.0692902126001578,0.09733283477584055,0.0
51,0.42685851318944845,0.00987045033929673,32.0,3242.0,378.0,0.0,0.2962962962962963,0.2962962962962963,0.43209876543209874,0.5925925925925926,0.45432098765432094,0.7037037037037037,0.4922692533803645,1.0,0.021164021164021163,0.2589991220368745,295.0,,,,0.0
52,0.4285537087571322,0.01267387944358578,41.0,3235.0,378.0,0.0,0.5151515151515151,0.5151515151515151,0.5808080808080809,0.6666666666666666,0.602020202020202,0.7575757575757576,0.6333333333333333,1.0,0.04497354497354497,0.2589605734767025,289.0,,,,0.0
53,0.4299181344579509,0.009924812030075189,33.0,3325.0,378.0,0.0,0.3333333333333333,0.3333333333333333,0.4012345679012345,0.48148148148148145,0.42530864197530865,0.5925925925925926,0.4783215755437977,1.0,0.023809523809523808,0.253448275862069,294.0,,,,0.0
54,0.431117175225337,0.008793208004851425,29.0,3298.0,378.0,0.0,0.2608695652173913,0.2608695652173913,0.3550724637681159,0.4782608695652174,0.40507246376811595,0.6956521739130435,0.4479296066252587,1.0,0.015873015873015872,0.2523206751054852,299.0,,,,0.0
55,0.4320267923592161,0.006660611565243718,22.0,3303.0,378.0,0.0,0.13636363636363635,0.13636363636363635,0.25757575757575757,0.4090909090909091,0.2871212121212121,0.5454545454545454,0.349476911976912,1.0,0.007936507936507936,0.25043478260869567,288.0,,,,0.0
56,0.4334325642933929,0.010634970284641852,34.0,3197.0,378.0,0.0,0.28,0.28,0.33333333333333326,0.4,0.37933333333333336,0.6,0.4359206349206349,1.0,0.018518518518518517,0.26220614828209765,290.0,,,,0.0
57,0.43541718349458364,0.014911463187325256,48.0,3219.0,378.0,0.0,0.46875,0.46875,0.5677083333333334,0.71875,0.5973958333333333,0.84375,0.6164930555555556,1.0,0.03968253968253968,0.2570671378091873,291.0,,,,0.0
58,0.4364508393285372,0.007596475235490732,25.0,3291.0,378.0,0.0,0.25,0.25,0.4444444444444444,0.6666666666666666,0.46527777777777773,0.75,0.4991236772486773,1.0,0.015873015873015872,0.2531860662701784,298.0,,,,0.0
59,0.4377739187959977,0.009618274721971746,32.0,3327.0,378.0,0.0,0.2962962962962963,0.2962962962962963,0.3641975308641975,0.4444444444444444,0.42160493827160495,0.7037037037037037,0.4549382716049382,1.0,0.021164021164021163,0.27007299270072993,296.0,,,,0.0
60,0.43860084346316053,0.0061068702290076335,20.0,3275.0,378.0,0.0,0.4375,0.4375,0.5104166666666666,0.625,0.5479166666666666,0.8125,0.5776785714285714,1.0,0.018518518518518517,0.256993006993007,294.0,1.901098901098901,0.06538678045730133,0.09002307707936755,0.0
61,0.4396758455304722,0.007779772591262717,26.0,3342.0,378.0,0.0,0.17391304347826086,0.17391304347826086,0.2681159420289855,0.391304347826087,0.29637681159420287,0.5217391304347826,0.3650793650793651,1.0,0.010582010582010581,0.2609442060085837,304.0,,,,0.0
62,0.44062680889770944,0.0070987654320987656,23.0,3240.0,378.0,0.0,0.21739130434782608,0.21739130434782608,0.3043478260869565,0.43478260869565216,0.3217391304347826,0.5217391304347826,0.3813319530710834,1.0,0.013227513227513227,0.26367713004484306,294.0,,,,0.0
63,0.4414537335648722,0.006255864873318737,20.0,3197.0,378.0,0.0,0.4375,0.4375,0.5833333333333334,0.75,0.5989583333333334,0.8125,0.6225694444444445,1.0,0.018518518518518517,0.252297410192147,302.0,,,,0.0
64,0.44207392706524434,0.004594180704441042,15.0,3265.0,378.0,0.0,0.3076923076923077,0.3076923076923077,0.41025641025641024,0.5384615384615384,0.41025641025641024,0.5384615384615384,0.4727411477411478,1.0,0.010582010582010581,0.25120385232744785,313.0,,,,0.0
65,0.44273546679897463,0.004889975550122249,16.0,3272.0,378.0,0.0,0.14285714285714285,0.14285714285714285,0.17857142857142858,0.21428571428571427,0.22500000000000003,0.42857142857142855,0.3001700680272109,1.0,0.005291005291005291,0.2630252100840336,313.0,,,,0.0
66,0.44335566029934675,0.004612546125461255,15.0,3252.0,378.0,0.0,0.2857142857142857,0.2857142857142857,0.42857142857142855,0.5714285714285714,0.4642857142857143,0.7142857142857143,0.49750566893424036,1.0,0.010582010582010581,0.26827171109200343,312.0,,,,0.0
67,0.44447200860001657,0.008297480024585127,27.0,3254.0,378.0,0.0,0.3076923076923077,0.3076923076923077,0.37179487179487175,0.46153846153846156,0.40641025641025647,0.6153846153846154,0.45431929181929187,1.0,0.021164021164021163,0.25591586327782645,292.0,,,,0.0
68,0.44500950963367236,0.004023522129371711,13.0,3231.0,378.0,0.0,0.25,0.25,0.3055555555555556,0.4166666666666667,0.32222222222222224,0.5,0.3794973544973545,1.0,0.007936507936507936,0.26854219948849106,315.0,,,,0.0
69,0.44579508806747703,0.005736714975845411,19.0,3312.0,378.0,0.0,0.3333333333333333,0.3333333333333333,0.35185185185185186,0.3888888888888889,0.40185185185185185,0.6111111111111112,0.44929453262786595,1.0,0.015873015873015872,0.26468085106382977,311.0,,,,0.0
70,0.44637393533449105,0.0042308854638863705,14.0,3309.0,378.0,0.0,0.3076923076923077,0.3076923076923077,0.41025641025641024,0.5384615384615384,0.4487179487179487,0.6923076923076923,0.4888583638583638,1.0,0.010582010582010581,0.2531223980016653,304.0,2.021390374331551,0.06450471862920903,0.09335507058517711,0.0
71,0.446952782601505,0.004326328800988875,14.0,3236.0,378.0,0.0,0.15384615384615385,0.15384615384615385,0.24358974358974358,0.38461538461538464,0.2782051282051282,0.5384615384615384,0.3367216117216118,1.0,0.005291005291005291,0.26120689655172413,303.0,,,,0.0
72,0.4479450922021004,0.007164179104477612,24.0,3350.0,378.0,0.0,0.21052631578947367,0.21052631578947367,0.2807017543859649,0.3684210526315789,0.3675438596491228,0.7368421052631579,0.3983709273182957,1.0,0.010582010582010581,0.26988155668358715,319.0,,,,0.0
73,0.44860663193583067,0.0049261083743842365,16.0,3248.0,378.0,0.0,0.13333333333333333,0.13333333333333333,0.22222222222222224,0.3333333333333333,0.2488888888888889,0.4666666666666667,0.31997354497354497,1.0,0.005291005291005291,0.2579034941763727,310.0,,,,0.0
74,0.44930951790291906,0.005131300935707818,17.0,3313.0,378.0,0.0,0.0,0.0,0.1568627450980392,0.35294117647058826,0.19803921568627447,0.5294117647058824,0.2580765639589169,1.0,0.0,0.25346020761245674,293.0,,,,0.0
75,0.45009509633672373,0.005876894525208784,19.0,3233.0,378.0,0.0,0.1875,0.1875,0.3020833333333333,0.5,0.33958333333333335,0.6875,0.38410218253968254,1.0,0.007936507936507936,0.2698412698412698,306.0,,,,0.0
76,0.45083932853717024,0.0055163959546429666,18.0,3263.0,378.0,0.0,0.16666666666666666,0.16666666666666666,0.25,0.3333333333333333,0.2972222222222222,0.5555555555555556,0.3497574955908289,1.0,0.007936507936507936,0.25626043405676124,307.0,,,,0.0
77,0.4513768295708261,0.003968253968253968,13.0,3276.0,378.0,0.0,0.15384615384615385,0.15384615384615385,0.23076923076923078,0.38461538461538464,0.24615384615384614,0.46153846153846156,0.3214590964590964,1.0,0.005291005291005291,0.25020850708924103,300.0,,,,0.0
78,0.4520797155379145,0.0051876716509002135,17.0,3277.0,378.0,0.0,0.2,0.2,0.3222222222222222,0.4666666666666667,0.3522222222222222,0.6,0.4032010582010582,1.0,0.007936507936507936,0.26532399299474607,303.0,,,,0.0
79,0.4524518316381378,0.002826633165829146,9.0,3184.0,378.0,0.0,0.1111111111111111,0.1111111111111111,0.14814814814814814,0.2222222222222222,0.19814814814814813,0.4444444444444444,0.2781746031746032,1.0,0.0026455026455026454,0.270060396893874,313.0,,,,0.0
80,0.4529479864384355,0.0036540803897685747,12.0,3284.0,378.0,0.0,0.18181818181818182,0.18181818181818182,0.22727272727272727,0.2727272727272727,0.3181818181818182,0.6363636363636364,0.3737373737373737,1.0,0.005291005291005291,0.2658662092624357,310.0,2.0211640211640214,0.06263429327254283,0.08369387985340487,0.0
81,0.4533614487720169,0.0030534351145038168,10.0,3275.0,378.0,0.0,0.4,0.4,0.4,0.4,0.445,0.6,0.4926190476190476,1.0,0.010582010582010581,0.2680672268907563,319.0,,,,0.0
82,0.4540643347391053,0.005122024706236818,17.0,3319.0,378.0,0.0,0.17647058823529413,0.17647058823529413,0.17647058823529413,0.17647058823529413,0.2705882352941177,0.5882352941176471,0.3269607843137255,1.0,0.007936507936507936,0.2663793103448276,309.0,,,,0.0
83,0.45435375837261227,0.002190237797246558,7.0,3196.0,378.0,0.0,0.2857142857142857,0.2857142857142857,0.2857142857142857,0.2857142857142857,0.32142857142857145,0.42857142857142855,0.40277777777777773,1.0,0.005291005291005291,0.2747631352282515,319.0,,,,0.0
84,0.4547672207061937,0.0030646644192460926,10.0,3263.0,378.0,0.0,0.1111111111111111,0.1111111111111111,0.16666666666666666,0.2222222222222222,0.18888888888888888,0.3333333333333333,0.27663139329805997,1.0,0.0026455026455026454,0.2709620476610768,307.0,,,,0.0
85,0.4552220292731332,0.003330305782621859,11.0,3303.0,378.0,0.0,0.1,0.1,0.21666666666666665,0.4,0.26666666666666666,0.6,0.3145634920634921,1.0,0.0026455026455026454,0.27568042142230026,314.0,,,,0.0
86,0.4557181840734309,0.003674219228413962,12.0,3266.0,378.0,0.0,0.0,0.0,0.15277777777777776,0.4166666666666667,0.18611111111111112,0.5833333333333334,0.23435846560846563,1.0,0.0,0.26666666666666666,312.0,,,,0.0
87,0.45625568510708675,0.003882915173237754,13.0,3348.0,378.0,0.0,0.15384615384615385,0.15384615384615385,0.21794871794871795,0.3076923076923077,0.2525641025641026,0.46153846153846156,0.31333943833943834,1.0,0.005291005291005291,0.2628372497824195,302.0,,,,0.0
88,0.4567104936740263,0.003363914373088685,11.0,3270.0,378.0,0.0,0.09090909090909091,0.09090909090909091,0.2727272727272727,0.45454545454545453,0.29090909090909095,0.5454545454545454,0.3607142857142857,1.0,0.0026455026455026454,0.25919589392643283,303.0,,,,0.0
89,0.4570826097742496,0.002680965147453083,9.0,3357.0,378.0,0.0,0.0,0.0,0.09259259259259259,0.2222222222222222,0.17037037037037037,0.5555555555555556,0.22204585537918872,1.0,0.0,0.257679180887372,302.0,,,,0.0
90,0.45745472587447283,0.002735562310030395,9.0,3290.0,378.0,0.0,0.0,0.0,0.14814814814814814,0.3333333333333333,0.17592592592592593,0.4444444444444444,0.25242504409171074,1.0,0.0,0.26421404682274247,316.0,2.0425531914893615,0.06197303383488309,0.0850210520787204,0.0
91,0.45766145704126354,0.001519756838905775,5.0,3290.0,378.0,0.0,0.0,0.0,0.06666666666666667,0.2,0.06666666666666667,0.2,0.16499999999999998,1.0,0.0,0.2564322469982847,299.0,,,,0.0
92,0.45807491937484496,0.003018412315122246,10.0,3313.0,378.0,0.0,0.0,0.0,0.03333333333333333,0.1,0.09333333333333334,0.4,0.17027777777777778,1.0,0.0,0.26288659793814434,306.0,,,,0.0
93,0.4584883817084264,0.0030845157310302285,10.0,3242.0,378.0,0.0,0.2222222222222222,0.2222222222222222,0.2777777777777778,0.3333333333333333,0.3055555555555556,0.4444444444444444,0.3806878306878307,1.0,0.005291005291005291,0.2639467110741049,317.0,,,,0.0
94,0.4589018440420078,0.0030257186081694403,10.0,3305.0,378.0,0.0,0.2,0.2,0.25,0.3,0.29500000000000004,0.5,0.3620634920634921,1.0,0.005291005291005291,0.25190839694656486,297.0,,,,0.0
95,0.4593153063755892,0.003093102381688834,10.0,3233.0,378.0,0.0,0.2,0.2,0.2833333333333333,0.4,0.3583333333333333,0.7,0.3961111111111111,1.0,0.005291005291005291,0.26486013986013984,303.0,,,,0.0
96,0.45968742247581246,0.002704326923076923,9.0,3328.0,378.0,0.0,0.0,0.0,0.16666666666666666,0.375,0.22291666666666665,0.625,0.2671626984126984,1.0,0.0,0.2664359861591695,308.0,,,,0.0
97,0.4600595385760357,0.0027924294135898233,9.0,3223.0,378.0,0.0,0.0,0.0,0.16666666666666666,0.42857142857142855,0.19523809523809524,0.5714285714285714,0.2458049886621315,1.0,0.0,0.25612848689771767,303.0,,,,0.0
98,0.4604730009096171,0.0030156815440289505,10.0,3316.0,378.0,0.0,0.1,0.1,0.25,0.5,0.275,0.6,0.3192857142857143,1.0,0.0026455026455026454,0.2692307692307692,315.0,,,,0.0
99,0.4606383858430497,0.001225865767698437,4.0,3263.0,378.0,0.0,0.0,0.0,0.0,0.0,0.06666666666666667,0.3333333333333333,0.16984126984126982,1.0,0.0,0.26906222611744085,307.0,,,,0.0
100,0.46109319440998925,0.0033825338253382535,11.0,3252.0,378.0,0.0,0.0,0.0,0.16666666666666666,0.36363636363636365,0.20757575757575755,0.5454545454545454,0.2678932178932179,1.0,0.0,0.27051397655545534,300.0,2.0366492146596857,0.06152707832148023,0.09070112744004127,0.0
101,0.4616720416770032,0.004305043050430504,14.0,3252.0,378.0,0.0,0.15384615384615385,0.15384615384615385,0.15384615384615385,0.15384615384615385,0.23461538461538461,0.5384615384615384,0.2905982905982906,1.0,0.005291005291005291,0.2620751341681574,293.0,,,,0.0
102,0.4619614653105102,0.002094554159186116,7.0,3342.0,378.0,0.0,0.0,0.0,0.19047619047619047,0.42857142857142855,0.19047619047619047,0.42857142857142855,0.27976190476190477,1.0,0.0,0.2765017667844523,313.0,,,,0.0
103,0.4623749276440916,0.0029985007496251873,10.0,3335.0,378.0,0.0,0.3,0.3,0.3,0.3,0.35,0.5,0.4078968253968254,1.0,0.007936507936507936,0.26587637595258257,314.0,,,,0.0
104,0.4625816588108823,0.0015220700152207,5.0,3285.0,378.0,0.0,0.0,0.0,0.0,0.0,0.0,0.0,0.12,1.0,0.0,0.2728077945084145,308.0,,,,0.0
105,0.4629537749111056,0.002717391304347826,9.0,3312.0,378.0,0.0,0.0,0.0,0.14814814814814814,0.4444444444444444,0.14814814814814814,0.4444444444444444,0.222663139329806,1.0,0.0,0.2778776978417266,309.0,,,,0.0
106,0.4634912759447614,0.0039477679927118125,13.0,3293.0,378.0,0.0,0.0,0.0,0.06944444444444443,0.16666666666666666,0.1486111111111111,0.5,0.21223544973544972,1.0,0.0,0.2521150592216582,298.0,,,,0.0
107,0.46390473827834283,0.003048780487804878,10.0,3280.0,378.0,0.0,0.1,0.1,0.18333333333333332,0.3,0.22833333333333333,0.5,0.3003571428571429,1.0,0.0026455026455026454,0.26547921967769295,313.0,,,,0.0
108,0.464235508145208,0.002465331278890601,8.0,3245.0,378.0,0.0,0.125,0.125,0.22916666666666666,0.375,0.22916666666666666,0.375,0.3159722222222222,1.0,0.0026455026455026454,0.2731239092495637,313.0,,,,0.0
109,0.4646076242454312,0.0027881040892193307,9.0,3228.0,378.0,0.0,0.0,0.0,0.24074074074074073,0.6666666666666666,0.26296296296296295,0.7777777777777778,0.2953703703703704,1.0,0.0,0.273972602739726,300.0,,,,0.0
110,0.46502108657901264,0.002997601918465228,10.0,3336.0,378.0,0.0,0.4,0.4,0.45,0.5,0.45,0.5,0.5170634920634921,1.0,0.010582010582010581,0.258974358974359,303.0,2.0157894736842104,0.06113963000205462,0.07957041157237157,0.0
111,0.4653105102125196,0.0021705426356589145,7.0,3225.0,378.0,0.0,0.0,0.0,0.0,0.0,0.0642857142857143,0.2857142857142857,0.15215419501133787,1.0,0.0,0.2639593908629442,312.0,,,,0.0
112,0.4655585876126685,0.0018399264029438822,6.0,3261.0,378.0,0.0,0.4,0.4,0.4,0.4,0.45,0.6,0.5033333333333333,1.0,0.005291005291005291,0.2553191489361702,300.0,,,,0.0
113,0.46613743487968246,0.004218137993371497,14.0,3319.0,378.0,0.0,0.07142857142857142,0.07142857142857142,0.16666666666666666,0.2857142857142857,0.1845238095238095,0.35714285714285715,0.2715986394557823,1.0,0.0026455026455026454,0.24767540152155537,293.0,,,,0.0
114,0.466302819813115,0.001252740369558409,4.0,3193.0,378.0,0.0,0.0,0.0,0.08333333333333333,0.25,0.13333333333333333,0.5,0.1968253968253968,1.0,0.0,0.292772186642269,320.0,,,,0.0
115,0.46655089721326387,0.0018264840182648401,6.0,3285.0,378.0,0.0,0.0,0.0,0.0,0.0,0.04,0.2,0.13333333333333336,1.0,0.0,0.2659846547314578,312.0,,,,0.0
116,0.4669643595468453,0.002937720329024677,10.0,3404.0,378.0,0.0,0.0,0.0,0.29166666666666663,0.625,0.29166666666666663,0.625,0.34424603174603174,1.0,0.0,0.2647569444444444,305.0,,,,0.0
117,0.46733647564706854,0.0027347310847766638,9.0,3291.0,378.0,0.0,0.25,0.25,0.25,0.25,0.275,0.375,0.35967261904761905,1.0,0.005291005291005291,0.25555555555555554,299.0,,,,0.0
118,0.46774993798064995,0.003009328919650918,10.0,3323.0,378.0,0.0,0.0,0.0,0.09259259259259259,0.2222222222222222,0.14259259259259258,0.4444444444444444,0.21419753086419754,1.0,0.0,0.25787728026533996,311.0,,,,0.0
119,0.46803936161415693,0.0021014710297208045,7.0,3331.0,378.0,0.0,0.2,0.2,0.3,0.4,0.33999999999999997,0.6,0.39555555555555555,1.0,0.0026455026455026454,0.25957446808510637,305.0,,,,0.0
120,0.4683701314810221,0.0024286581663630845,8.0,3294.0,378.0,0.0,0.0,0.0,0.20833333333333331,0.5,0.20833333333333331,0.5,0.2743055555555555,1.0,0.0,0.26008583690987125,303.0,2.0575916230366493,0.06011188533478569,0.10066622860668287,0.0
121,0.46874224758124533,0.002697841726618705,9.0,3336.0,378.0,0.0,0.1111111111111111,0.1111111111111111,0.2037037037037037,0.3333333333333333,0.3037037037037037,0.7777777777777778,0.3271604938271605,1.0,0.0026455026455026454,0.27312775330396477,310.0,,,,0.0
122,0.4690316712147523,0.002108433734939759,7.0,3320.0,378.0,0.0,0.0,0.0,0.05555555555555555,0.16666666666666666,0.1722222222222222,0.6666666666666666,0.21157407407407405,1.0,0.0,0.2668977469670711,308.0,,,,0.0
123,0.46932109484825935,0.00212378640776699,7.0,3296.0,378.0,0.0,0.0,0.0,0.09523809523809523,0.2857142857142857,0.16666666666666666,0.5714285714285714,0.22176870748299318,1.0,0.0,0.2643581081081081,313.0,,,,0.0
124,0.46956917224840816,0.0018099547511312218,6.0,3315.0,378.0,0.0,0.16666666666666666,0.16666666666666666,0.2222222222222222,0.3333333333333333,0.2972222222222222,0.6666666666666666,0.3458333333333334,1.0,0.0026455026455026454,0.2701998262380539,311.0,,,,0.0
125,0.4701893657487803,0.004518072289156626,15.0,3320.0,378.0,0.0,0.13333333333333333,0.13333333333333333,0.15555555555555553,0.2,0.21888888888888888,0.4666666666666667,0.289973544973545,1.0,0.005291005291005291,0.27034120734908135,309.0,,,,0.0
126,0.47043744314892916,0.0018170805572380376,6.0,3302.0,378.0,0.0,0.16666666666666666,0.16666666666666666,0.2222222222222222,0.3333333333333333,0.2638888888888889,0.5,0.3228835978835979,1.0,0.0026455026455026454,0.26473099914602904,310.0,,,,0.0
127,0.47097494418258495,0.003855278766310795,13.0,3372.0,378.0,0.0,0.15384615384615385,0.15384615384615385,0.21794871794871795,0.3076923076923077,0.3025641025641026,0.6923076923076923,0.3383394383394384,1.0,0.005291005291005291,0.25591216216216217,303.0,,,,0.0
128,0.4715124452162408,0.003914483589280337,13.0,3321.0,378.0,0.0,0.23076923076923078,0.23076923076923078,0.33333333333333337,0.46153846153846156,0.3525641025641026,0.5384615384615384,0.4118437118437119,1.0,0.007936507936507936,0.2759515570934256,319.0,,,,0.0
129,0.47204994624989666,0.003942978465271459,13.0,3297.0,378.0,0.0,0.08333333333333333,0.08333333333333333,0.16666666666666666,0.3333333333333333,0.1875,0.4166666666666667,0.2558862433862434,1.0,0.0026455026455026454,0.2668416447944007,305.0,,,,0.0
130,0.4722980236500455,0.0017942583732057417,6.0,3344.0,378.0,0.0,0.16666666666666666,0.16666666666666666,0.3055555555555555,0.5,0.33888888888888885,0.6666666666666666,0.3763888888888889,1.0,0.0026455026455026454,0.2571912013536379,304.0,2.0575916230366493,0.05965750420951205,0.08886138744118144,0.0
131,0.4725047548168362,0.0014845605700712589,5.0,3368.0,378.0,0.0,0.4,0.4,0.4,0.4,0.4800000000000001,0.8,0.5133333333333334,1.0,0.005291005291005291,0.25687285223367695,299.0,,,,0.0
132,0.47275283221698505,0.001789442290486132,6.0,3353.0,378.0,0.0,0.0,0.0,0.0,0.0,0.11666666666666665,0.5,0.18379629629629632,1.0,0.0,0.27217391304347827,313.0,,,,0.0
133,0.4729182171504176,0.0012084592145015106,4.0,3310.0,378.0,0.0,0.25,0.25,0.25,0.25,0.3125,0.5,0.37916666666666665,1.0,0.0026455026455026454,0.2632034632034632,304.0,,,,0.0
134,0.4732076407839246,0.0020796197266785502,7.0,3366.0,378.0,0.0,0.16666666666666666,0.16666666666666666,0.2222222222222222,0.3333333333333333,0.2638888888888889,0.5,0.337962962962963,1.0,0.0026455026455026454,0.2590412111017662,308.0,,,,0.0
135,0.47357975688414783,0.0027405602923264312,9.0,3284.0,378.0,0.0,0.0,0.0,0.0,0.0,0.15555555555555556,0.6666666666666666,0.19012345679012346,1.0,0.0,0.2738301559792028,316.0,,,,0.0
136,0.47374514181758043,0.0011943863839952225,4.0,3349.0,378.0,0.0,0.0,0.0,0.125,0.25,0.25,0.75,0.275,1.0,0.0,0.2603648424543947,314.0,,,,0.0
137,0.4740345654510874,0.0020685579196217494,7.0,3384.0,378.0,0.0,0.16666666666666666,0.16666666666666666,0.3055555555555555,0.5,0.3055555555555555,0.5,0.36455026455026457,1.0,0.0026455026455026454,0.25495049504950495,309.0,,,,0.0
138,0.4742826428512362,0.0018045112781954887,6.0,3325.0,378.0,0.0,0.0,0.0,0.08333333333333333,0.16666666666666666,0.24166666666666667,0.8333333333333334,0.26944444444444443,1.0,0.0,0.25677966101694916,303.0,,,,0.0
139,0.47448937401802693,0.0014934289127837516,5.0,3348.0,378.0,0.0,0.0,0.0,0.1,0.2,0.19,0.6,0.24357142857142855,1.0,0.0,0.2618213660245184,299.0,,,,0.0
140,0.47490283635160835,0.003002101471029721,10.0,3331.0,378.0,0.0,0.1,0.1,0.15,0.2,0.195,0.4,0.27055555555555555,1.0,0.0026455026455026454,0.2706185567010309,315.0,2.0372340425531914,0.05960511999284647,0.10418025811841337,0.0
141,0.47527495245183166,0.002704326923076923,9.0,3328.0,378.0,0.0,0.0,0.0,0.2037037037037037,0.4444444444444444,0.2037037037037037,0.4444444444444444,0.27667548500881833,1.0,0.0,0.27017543859649124,308.0,,,,0.0
142,0.47548168361862236,0.0015028554253080854,5.0,3327.0,378.0,0.0,0.2,0.2,0.2,0.2,0.24,0.4,0.31936507936507935,1.0,0.0026455026455026454,0.2661498708010336,309.0,,,,0.0
143,0.47568841478541307,0.00149655791679138,5.0,3341.0,378.0,0.0,0.25,0.25,0.375,0.5,0.5,1.0,0.5,1.0,0.0026455026455026454,0.27017841971113,318.0,,,,0.0
144,0.47601918465227816,0.002420574886535552,8.0,3305.0,378.0,0.0,0.125,0.125,0.2708333333333333,0.5,0.3020833333333333,0.625,0.3480654761904761,1.0,0.0026455026455026454,0.257679180887372,302.0,,,,0.0
145,0.47618456958571076,0.0012008405884118883,4.0,3331.0,378.0,0.0,0.0,0.0,0.0,0.0,0.0,0.0,0.14404761904761904,1.0,0.0,0.27595628415300544,303.0,,,,0.0
146,0.47639130075250147,0.0015051173991571343,5.0,3322.0,378.0,0.0,0.2,0.2,0.36666666666666664,0.6,0.4166666666666667,0.8,0.44523809523809527,1.0,0.0026455026455026454,0.2674825174825175,306.0,,,,0.0
147,0.476556685685934,0.0012091898428053204,4.0,3308.0,378.0,0.0,0.25,0.25,0.25,0.25,0.3,0.5,0.3527777777777778,1.0,0.0026455026455026454,0.26248941574936496,310.0,,,,0.0
148,0.47672207061936656,0.001201923076923077,4.0,3328.0,378.0,0.0,0.0,0.0,0.0,0.0,0.1125,0.5,0.17152777777777778,1.0,0.0,0.28276481149012567,315.0,,,,0.0
149,0.47688745555279916,0.001184834123222749,4.0,3376.0,378.0,0.0,0.0,0.0,0.08333333333333333,0.25,0.14583333333333331,0.5,0.2125,1.0,0.0,0.2779220779220779,321.0,,,,0.0
150,0.47701149425287354,0.000881575080811049,3.0,3403.0,378.0,0.0,0.3333333333333333,0.3333333333333333,0.3333333333333333,0.3333333333333333,0.4166666666666667,0.6666666666666666,0.46428571428571425,1.0,0.0026455026455026454,0.25894378194207834,304.0,2.031413612565445,0.05941615781981914,0.09853900023718794,0.0
151,0.47742495658645495,0.0030367446097783178,10.0,3293.0,378.0,0.0,0.0,0.0,0.09259259259259259,0.2222222222222222,0.1148148148148148,0.3333333333333333,0.18796296296296297,1.0,0.0,0.270223752151463,314.0,,,,0.0
152,0.47763168775324566,0.001504664459825459,5.0,3323.0,378.0,0.0,0.25,0.25,0.25,0.25,0.3,0.5,0.3669642857142857,1.0,0.0026455026455026454,0.26643295354951796,304.0,,,,0.0
153,0.47779707268667826,0.0011851851851851852,4.0,3375.0,378.0,0.0,0.0,0.0,0.125,0.25,0.175,0.5,0.23402777777777778,1.0,0.0,0.25844594594594594,306.0,,,,0.0
154,0.47787976515339453,0.0006071645415907711,2.0,3294.0,378.0,0.0,0.0,0.0,0.0,0.0,0.0,0.0,0.16666666666666666,1.0,0.0,0.26926483613817537,304.0,,,,0.0
155,0.4782105350202597,0.0023894862604540022,8.0,3348.0,378.0,0.0,0.125,0.125,0.16666666666666666,0.25,0.19791666666666666,0.375,0.28521825396825395,1.0,0.0026455026455026454,0.2719449225473322,316.0,,,,0.0
156,0.4785826511204829,0.002688172043010753,9.0,3348.0,378.0,0.0,0.1111111111111111,0.1111111111111111,0.2037037037037037,0.3333333333333333,0.23148148148148145,0.4444444444444444,0.3012345679012346,1.0,0.0026455026455026454,0.26926406926406926,311.0,,,,0.0
157,0.4786653435871992,0.0006002400960384153,2.0,3332.0,378.0,0.0,0.0,0.0,0.25,0.5,0.35,1.0,0.35,1.0,0.0,0.2707774798927614,303.0,,,,0.0
158,0.4790788059207806,0.0029958058717795086,10.0,3338.0,378.0,0.0,0.1,0.1,0.1,0.1,0.16499999999999998,0.4,0.24095238095238095,1.0,0.0026455026455026454,0.2577927548441449,306.0,,,,0.0
159,0.4791201521541388,0.00030156815440289503,1.0,3316.0,378.0,0.0,1.0,1.0,1.0,1.0,1.0,1.0,1.0,1.0,0.0026455026455026454,0.26610878661087867,318.0,,,,0.0
160,0.47940957578764576,0.0020901761719916393,7.0,3349.0,378.0,0.0,0.14285714285714285,0.14285714285714285,0.21428571428571427,0.2857142857142857,0.2714285714285714,0.5714285714285714,0.32397959183673475,1.0,0.0026455026455026454,0.2737881508078995,305.0,2.0210526315789474,0.059199796139986924,0.08892484587722488,0.0
161,0.4795749607210783,0.0012059089538739825,4.0,3317.0,378.0,0.0,0.25,0.25,0.375,0.5,0.375,0.5,0.4305555555555556,1.0,0.0026455026455026454,0.2584745762711864,305.0,,,,0.0
162,0.479781691887869,0.001498800959232614,5.0,3336.0,378.0,0.0,0.0,0.0,0.13333333333333333,0.4,0.18333333333333332,0.6,0.22555555555555556,1.0,0.0,0.2579263067694944,301.0,,,,0.0
163,0.4800297692880179,0.0018187329493785996,6.0,3299.0,378.0,0.0,0.16666666666666666,0.16666666666666666,0.3333333333333333,0.5,0.375,0.6666666666666666,0.41435185185185186,1.0,0.0026455026455026454,0.2661361626878868,301.0,,,,0.0
164,0.4802365004548086,0.001503307276007216,5.0,3326.0,378.0,0.0,0.0,0.0,0.16666666666666666,0.4,0.16666666666666666,0.4,0.24023809523809522,1.0,0.0,0.26761819803746656,300.0,,,,0.0
165,0.4805672703216737,0.0024367956137678953,8.0,3283.0,378.0,0.0,0.25,0.25,0.4375,0.75,0.4625,0.875,0.4803571428571428,1.0,0.005291005291005291,0.2696035242290749,306.0,,,,0.0
166,0.4807326552551063,0.001226241569589209,4.0,3262.0,378.0,0.0,0.0,0.0,0.0,0.0,0.0625,0.25,0.15099206349206348,1.0,0.0,0.27456140350877195,313.0,,,,0.0
167,0.4809807326552551,0.0018012608826178324,6.0,3331.0,378.0,0.0,0.0,0.0,0.0,0.0,0.08333333333333333,0.3333333333333333,0.1701058201058201,1.0,0.0,0.26724890829694326,306.0,,,,0.0
168,0.48110477135532953,0.0009057971014492754,3.0,3312.0,378.0,0.0,0.0,0.0,0.1111111111111111,0.3333333333333333,0.1111111111111111,0.3333333333333333,0.20370370370370372,1.0,0.0,0.2775831873905429,317.0,,,,0.0
169,0.4813528487554784,0.0017937219730941704,6.0,3345.0,378.0,0.0,0.3333333333333333,0.3333333333333333,0.4444444444444444,0.6666666666666666,0.4444444444444444,0.6666666666666666,0.4907407407407407,1.0,0.005291005291005291,0.2625318606627018,309.0,,,,0.0
170,0.4814768874555528,0.0009068923821039903,3.0,3308.0,378.0,0.0,0.3333333333333333,0.3333333333333333,0.3333333333333333,0.3333333333333333,0.39999999999999997,0.6666666666666666,0.44166666666666665,1.0,0.0026455026455026454,0.26311263972484955,306.0,2.05699481865285,0.05915119446546353,0.09316774409618402,0.0
171,0.48151823368891095,0.0003013863773357444,1.0,3318.0,378.0,0.0,0.0,0.0,0.0,0.0,0.0,0.0,0.1,1.0,0.0,0.2732811140121845,314.0,,,,0.0
172,0.4816422723889854,0.0009066183136899365,3.0,3309.0,378.0,0.0,0.6666666666666666,0.6666666666666666,0.6666666666666666,0.6666666666666666,0.6666666666666666,0.6666666666666666,0.7037037037037037,1.0,0.005291005291005291,0.26547921967769295,313.0,,,,0.0
173,0.4818903497891342,0.0017947950942267424,6.0,3343.0,378.0,0.0,0.16666666666666666,0.16666666666666666,0.4166666666666667,0.6666666666666666,0.4166666666666667,0.6666666666666666,0.45714285714285713,1.0,0.0026455026455026454,0.2717488789237668,303.0,,,,0.0
174,0.4820557347225668,0.001184834123222749,4.0,3376.0,378.0,0.0,0.25,0.25,0.25,0.25,0.3125,0.5,0.3652777777777778,1.0,0.0026455026455026454,0.2732049036777583,312.0,,,,0.0
175,0.4820970809559249,0.0002957704821058858,1.0,3381.0,378.0,0.0,0.0,0.0,0.0,0.0,0.0,0.0,0.125,1.0,0.0,0.26151172893136404,301.0,,,,0.0
176,0.48222111965599934,0.0008941877794336811,3.0,3355.0,378.0,0.0,0.0,0.0,0.0,0.0,0.0,0.0,0.1263227513227513,1.0,0.0,0.26094137076796037,316.0,,,,0.0
177,0.4825105432895063,0.00212378640776699,7.0,3296.0,378.0,0.0,0.14285714285714285,0.14285714285714285,0.19047619047619047,0.2857142857142857,0.2619047619047619,0.5714285714285714,0.3178571428571429,1.0,0.0026455026455026454,0.263840830449827,305.0,,,,0.0
178,0.48263458198958076,0.0008862629246676514,3.0,3385.0,378.0,0.0,0.0,0.0,0.27777777777777773,0.6666666666666666,0.3611111111111111,1.0,0.3611111111111111,1.0,0.0,0.2759515570934256,319.0,,,,0.0
179,0.4827999669230133,0.0012099213551119178,4.0,3306.0,378.0,0.0,0.0,0.0,0.0,0.0,0.1125,0.5,0.16875,1.0,0.0,0.26631853785900783,306.0,,,,0.0
180,0.4829653518564459,0.0012012012012012011,4.0,3330.0,378.0,0.0,0.0,0.0,0.16666666666666666,0.5,0.16666666666666666,0.5,0.23015873015873012,1.0,0.0,0.270293609671848,313.0,2.0366492146596857,0.059154544928963146,0.09316750139072416,0.0
181,0.48313073678987845,0.0012048192771084338,4.0,3320.0,378.0,0.0,0.25,0.25,0.375,0.5,0.375,0.5,0.4277777777777778,1.0,0.0026455026455026454,0.2730465320456541,311.0,,,,0.0
182,0.48333746795666915,0.0014889815366289458,5.0,3358.0,378.0,0.0,0.0,0.0,0.125,0.25,0.175,0.5,0.23125,1.0,0.0,0.2590717299578059,307.0,,,,0.0
183,0.4835028528901017,0.0012004801920768306,4.0,3332.0,378.0,0.0,0.25,0.25,0.25,0.25,0.375,0.75,0.4027777777777778,1.0,0.0026455026455026454,0.25806451612903225,304.0,,,,0.0
184,0.4837095840568924,0.0015078407720144752,5.0,3316.0,378.0,0.0,0.0,0.0,0.06666666666666667,0.2,0.11666666666666665,0.4,0.18968253968253967,1.0,0.0,0.2741652021089631,312.0,,,,0.0
185,0.4839576614570413,0.001786777843954735,6.0,3358.0,378.0,0.0,0.3333333333333333,0.3333333333333333,0.3888888888888889,0.5,0.4305555555555556,0.6666666666666666,0.47500000000000003,1.0,0.005291005291005291,0.26899016979445933,301.0,,,,0.0
186,0.4842057388571901,0.0017883755588673621,6.0,3355.0,378.0,0.0,0.16666666666666666,0.16666666666666666,0.16666666666666666,0.16666666666666666,0.20833333333333334,0.3333333333333333,0.30092592592592593,1.0,0.0026455026455026454,0.2628424657534247,307.0,,,,0.0
187,0.48428843132390637,0.0005991611743559018,2.0,3338.0,378.0,0.0,0.5,0.5,0.5,0.5,0.6,1.0,0.6,1.0,0.0026455026455026454,0.257459505541347,302.0,,,,0.0
188,0.4844124700239808,0.0008936550491510277,3.0,3357.0,378.0,0.0,0.0,0.0,0.0,0.0,0.06666666666666667,0.3333333333333333,0.16984126984126982,1.0,0.0,0.26131511528608026,306.0,,,,0.0
189,0.4845778549574134,0.001176470588235294,4.0,3400.0,378.0,0.0,0.0,0.0,0.0,0.0,0.0,0.0,0.1468253968253968,1.0,0.0,0.27714033539276256,314.0,,,,0.0
190,0.4847018936574878,0.000900360144057623,3.0,3332.0,378.0,0.0,0.0,0.0,0.1111111111111111,0.3333333333333333,0.1111111111111111,0.3333333333333333,0.18148148148148147,1.0,0.0,0.28096947935368044,313.0,2.0575916230366493,0.059052334862107994,0.09283482271143409,0.0
191,0.48474323989084594,0.0002966478789676654,1.0,3371.0,378.0,0.0,0.0,0.0,0.0,0.0,0.0,0.0,0.125,1.0,0.0,0.2680237489397795,316.0,,,,0.0
192,0.4849086248242785,0.0011979634621144056,4.0,3339.0,378.0,0.0,0.25,0.25,0.25,0.25,0.25,0.25,0.3419642857142857,1.0,0.0026455026455026454,0.26053310404127256,303.0,,,,0.0
193,0.48515670222442736,0.0018105009052504525,6.0,3314.0,378.0,0.0,0.16666666666666666,0.16666666666666666,0.27777777777777773,0.5,0.27777777777777773,0.5,0.3407407407407408,1.0,0.0026455026455026454,0.26585577758470896,306.0,,,,0.0
194,0.4854047796245762,0.0017991004497751124,6.0,3335.0,378.0,0.0,0.16666666666666666,0.16666666666666666,0.16666666666666666,0.16666666666666666,0.16666666666666666,0.16666666666666666,0.2814153439153439,1.0,0.0026455026455026454,0.2540084388185654,301.0,,,,0.0
195,0.4854874720912925,0.0006029544769369913,2.0,3317.0,378.0,0.0,0.0,0.0,0.16666666666666666,0.5,0.16666666666666666,0.5,0.21666666666666667,1.0,0.0,0.2606837606837607,305.0,,,,0.0
196,0.4855288183246506,0.00030376670716889426,1.0,3292.0,378.0,0.0,1.0,1.0,1.0,1.0,1.0,1.0,1.0,1.0,0.0026455026455026454,0.2687713310580205,315.0,,,,0.0
197,0.4857355494914413,0.0015037593984962407,5.0,3325.0,378.0,0.0,0.0,0.0,0.16666666666666666,0.4,0.16666666666666666,0.4,0.2507936507936508,1.0,0.0,0.26120689655172413,303.0,,,,0.0
198,0.4858182419581576,0.0005918910920390648,2.0,3379.0,378.0,0.0,0.5,0.5,0.5,0.5,0.5,0.5,0.5833333333333334,1.0,0.0026455026455026454,0.27607361963190186,315.0,,,,0.0
199,0.48585958819151576,0.00030111412225233364,1.0,3321.0,378.0,0.0,0.0,0.0,0.5,1.0,0.5,1.0,0.5,1.0,0.0,0.2689295039164491,309.0,,,,0.0
200,0.48594228065823203,0.0005980861244019139,2.0,3344.0,378.0,0.0,0.5,0.5,0.5,0.5,0.5,0.5,0.5555555555555556,1.0,0.0026455026455026454,0.27721866422689845,303.0,2.0362694300518136,0.05899374957148648,0.09297458211722975,0.0
201,0.48594228065823203,0.0,0.0,3319.0,378.0,0.0,,,,,,,,,0.0,0.2647814910025707,309.0,,,,0.0
202,0.48614901182502274,0.0015101177891875567,5.0,3311.0,378.0,0.0,0.0,0.0,0.37499999999999994,1.0,0.37499999999999994,1.0,0.37499999999999994,1.0,0.0,0.2691292875989446,306.0,,,,0.0
203,0.48635574299181344,0.0014792899408284023,5.0,3380.0,378.0,0.0,0.2,0.2,0.2,0.2,0.2,0.2,0.32000000000000006,1.0,0.0026455026455026454,0.2728857890148213,313.0,,,,0.0
204,0.486521127925246,0.0011979634621144056,4.0,3339.0,378.0,0.0,0.0,0.0,0.08333333333333333,0.25,0.13333333333333333,0.5,0.20029761904761906,1.0,0.0,0.2670753064798599,305.0,,,,0.0
205,0.48676920532539486,0.001782001782001782,6.0,3367.0,378.0,0.0,0.16666666666666666,0.16666666666666666,0.25,0.3333333333333333,0.25,0.3333333333333333,0.3314814814814815,1.0,0.0026455026455026454,0.2621276595744681,308.0,,,,0.0
206,0.48685189779211113,0.0005943536404160475,2.0,3365.0,378.0,0.0,0.0,0.0,0.16666666666666666,0.5,0.26666666666666666,1.0,0.26666666666666666,1.0,0.0,0.2693333333333333,303.0,,,,0.0
207,0.48705862895890184,0.0014997000599880025,5.0,3334.0,378.0,0.0,0.2,0.2,0.2,0.2,0.2,0.2,0.30357142857142855,1.0,0.0026455026455026454,0.2732142857142857,306.0,,,,0.0
208,0.4871826676589763,0.0009082652134423251,3.0,3303.0,378.0,0.0,0.0,0.0,0.0,0.0,0.0,0.0,0.1259259259259259,1.0,0.0,0.2638655462184874,314.0,,,,0.0
209,0.48726536012569255,0.0005991611743559018,2.0,3338.0,378.0,0.0,0.0,0.0,0.16666666666666666,0.5,0.16666666666666666,0.5,0.2222222222222222,1.0,0.0,0.27169149868536374,310.0,,,,0.0
210,0.48747209129248326,0.0014992503748125937,5.0,3335.0,378.0,0.0,0.0,0.0,0.1,0.2,0.1,0.2,0.2019047619047619,1.0,0.0,0.2717013888888889,313.0,2.0155440414507773,0.058922998095166754,0.09847226114886069,0.0
211,0.48772016869263213,0.0018220467658669906,6.0,3293.0,378.0,0.0,0.16666666666666666,0.16666666666666666,0.38888888888888884,0.6666666666666666,0.4222222222222222,0.8333333333333334,0.4407407407407407,1.0,0.0026455026455026454,0.2660393498716852,311.0,,,,0.0
212,0.4878442073927065,0.0008833922261484099,3.0,3396.0,378.0,0.0,0.3333333333333333,0.3333333333333333,0.4444444444444444,0.6666666666666666,0.4444444444444444,0.6666666666666666,0.4777777777777778,1.0,0.0026455026455026454,0.2682291666666667,309.0,,,,0.0
213,0.4880509385594972,0.0015124016938898972,5.0,3306.0,378.0,0.0,0.0,0.0,0.1,0.2,0.19,0.6,0.23500000000000001,1.0,0.0,0.2768839966130398,327.0,,,,0.0
214,0.4881336310262135,0.0005906674542232723,2.0,3386.0,378.0,0.0,0.0,0.0,0.0,0.0,0.0,0.0,0.12142857142857143,1.0,0.0,0.25891341256366723,305.0,,,,0.0
215,0.4882163234929298,0.000596836765144733,2.0,3351.0,378.0,0.0,0.0,0.0,0.0,0.0,0.1,0.5,0.17142857142857143,1.0,0.0,0.2673010380622837,309.0,,,,0.0
216,0.4884230546597205,0.0014956625785222854,5.0,3343.0,378.0,0.0,0.0,0.0,0.08333333333333333,0.25,0.13333333333333333,0.5,0.18888888888888888,1.0,0.0,0.258008658008658,298.0,,,,0.0
217,0.4885057471264368,0.0006033182503770739,2.0,3315.0,378.0,0.0,0.0,0.0,0.16666666666666666,0.5,0.16666666666666666,0.5,0.2222222222222222,1.0,0.0,0.28079242032730406,326.0,,,,0.0
218,0.48858843959315307,0.0006129328838492185,2.0,3263.0,378.0,0.0,0.0,0.0,0.0,0.0,0.0,0.0,0.16666666666666666,1.0,0.0,0.27053571428571427,303.0,,,,0.0
219,0.48867113205986934,0.0005998800239952009,2.0,3334.0,378.0,0.0,0.0,0.0,0.0,0.0,0.1,0.5,0.1625,1.0,0.0,0.2617621899059025,306.0,,,,0.0
220,0.4887124782932275,0.00030248033877797946,1.0,3306.0,378.0,0.0,0.0,0.0,0.0,0.0,0.2,1.0,0.2,1.0,0.0,0.28186714542190305,314.0,2.0259067357512954,0.05858616899893131,0.10901462856179861,0.0
221,0.4887951707599438,0.0005977286312014345,2.0,3346.0,378.0,0.0,0.5,0.5,0.5,0.5,0.6,1.0,0.6,1.0,0.0026455026455026454,0.2570965125709651,317.0,,,,0.0
222,0.4890019019267345,0.0015229972586049345,5.0,3283.0,378.0,0.0,0.0,0.0,0.06666666666666667,0.2,0.14666666666666667,0.6,0.2,1.0,0.0,0.2770979020979021,317.0,,,,0.0
223,0.48929132556024146,0.00210589651022864,7.0,3324.0,378.0,0.0,0.14285714285714285,0.14285714285714285,0.19047619047619047,0.2857142857142857,0.2261904761904762,0.42857142857142855,0.29166666666666663,1.0,0.0026455026455026454,0.2515021459227468,293.0,,,,0.0
224,0.4894153642603159,0.0009019843656043296,3.0,3326.0,378.0,0.0,0.0,0.0,0.1111111111111111,0.3333333333333333,0.1111111111111111,0.3333333333333333,0.20833333333333334,1.0,0.0,0.2589991220368745,295.0,,,,0.0
225,0.4896220954271066,0.0015225334957369061,5.0,3284.0,378.0,0.0,0.4,0.4,0.4,0.4,0.4,0.4,0.48190476190476195,1.0,0.005291005291005291,0.26890034364261167,313.0,,,,0.0
226,0.489746134127181,0.0008965929468021519,3.0,3346.0,378.0,0.0,0.3333333333333333,0.3333333333333333,0.4444444444444444,0.6666666666666666,0.4444444444444444,0.6666666666666666,0.5,1.0,0.0026455026455026454,0.28470380194518125,322.0,,,,0.0
227,0.4898701728272554,0.0008957897879964168,3.0,3349.0,378.0,0.0,0.6666666666666666,0.6666666666666666,0.6666666666666666,0.6666666666666666,0.6666666666666666,0.6666666666666666,0.7037037037037037,1.0,0.005291005291005291,0.27696526508226693,303.0,,,,0.0
228,0.490035557760688,0.0012113870381586917,4.0,3302.0,378.0,0.0,0.0,0.0,0.16666666666666666,0.5,0.16666666666666666,0.5,0.2361111111111111,1.0,0.0,0.2711571675302245,314.0,,,,0.0
229,0.4901182502274043,0.0006049606775559589,2.0,3306.0,378.0,0.0,0.0,0.0,0.0,0.0,0.0,0.0,0.1125,1.0,0.0,0.2687224669603524,305.0,,,,0.0
230,0.49020094269412057,0.0006066120715802245,2.0,3297.0,378.0,0.0,0.0,0.0,0.0,0.0,0.1,0.5,0.15000000000000002,1.0,0.0,0.27537511032656664,312.0,2.0366492146596857,0.05853891092844567,0.10874650283718226,0.0
231,0.49024228892747873,0.00030211480362537764,1.0,3310.0,378.0,0.0,0.0,0.0,0.0,0.0,0.0,0.0,0.1111111111111111,1.0,0.0,0.2727272727272727,306.0,,,,0.0
232,0.49024228892747873,0.0,0.0,3355.0,378.0,0.0,,,,,,,,,0.0,0.2707275803722504,320.0,,,,0.0
233,0.4903663276275531,0.0008957897879964168,3.0,3349.0,378.0,0.0,0.0,0.0,0.0,0.0,0.08333333333333333,0.3333333333333333,0.16428571428571428,1.0,0.0,0.26730937773882557,305.0,,,,0.0
234,0.49044902009426944,0.0006042296072507553,2.0,3310.0,378.0,0.0,0.0,0.0,0.0,0.0,0.1,0.5,0.1625,1.0,0.0,0.27617328519855594,306.0,,,,0.0
235,0.4905317125609857,0.0005952380952380953,2.0,3360.0,378.0,0.0,0.0,0.0,0.25,0.5,0.25,0.5,0.3333333333333333,1.0,0.0,0.27151730257320317,306.0,,,,0.0
236,0.4905730587943438,0.0002984183825723665,1.0,3351.0,378.0,0.0,0.0,0.0,0.0,0.0,0.0,0.0,0.14285714285714285,1.0,0.0,0.272648835202761,316.0,,,,0.0
237,0.490614405027702,0.00029886431560071725,1.0,3346.0,378.0,0.0,0.0,0.0,0.0,0.0,0.0,0.0,0.1,1.0,0.0,0.263986013986014,302.0,,,,0.0
238,0.4906557512610601,0.0003013863773357444,1.0,3318.0,378.0,0.0,0.0,0.0,0.3333333333333333,1.0,0.3333333333333333,1.0,0.3333333333333333,1.0,0.0,0.26252158894645944,304.0,,,,0.0
239,0.4907797899611345,0.0008987417615338526,3.0,3338.0,378.0,0.0,0.3333333333333333,0.3333333333333333,0.4444444444444444,0.6666666666666666,0.5111111111111111,1.0,0.5111111111111111,1.0,0.0026455026455026454,0.26503923278116825,304.0,,,,0.0
240,0.4908211361944927,0.0003007518796992481,1.0,3325.0,378.0,0.0,0.0,0.0,0.0,0.0,0.0,0.0,0.14285714285714285,1.0,0.0,0.2540913006029285,295.0,2.0412371134020617,0.05850581949401659,0.10868891371418696,0.0
241,0.4910278673612834,0.001487652484379649,5.0,3361.0,378.0,0.0,0.4,0.4,0.4,0.4,0.45,0.6,0.4922222222222222,1.0,0.005291005291005291,0.2732974910394265,305.0,,,,0.0
242,0.49119325229471594,0.001201923076923077,4.0,3328.0,378.0,0.0,0.0,0.0,0.0,0.0,0.13333333333333333,0.6666666666666666,0.17500000000000002,1.0,0.0,0.25569620253164554,303.0,,,,0.0
243,0.4912345985280741,0.0002984183825723665,1.0,3351.0,378.0,0.0,1.0,1.0,1.0,1.0,1.0,1.0,1.0,1.0,0.0026455026455026454,0.2791741472172352,311.0,,,,0.0
244,0.4914413296948648,0.0015309246785058174,5.0,3266.0,378.0,0.0,0.2,0.2,0.26666666666666666,0.4,0.35666666666666663,0.8,0.38999999999999996,1.0,0.0026455026455026454,0.28807339449541286,314.0,,,,0.0
245,0.4914413296948648,0.0,0.0,3333.0,378.0,0.0,,,,,,,,,0.0,0.27168141592920353,307.0,,,,0.0
246,0.4915653683949392,0.0008899436369029962,3.0,3371.0,378.0,0.0,0.0,0.0,0.1111111111111111,0.3333333333333333,0.26111111111111107,1.0,0.26111111111111107,1.0,0.0,0.27015057573073514,305.0,,,,0.0
247,0.4916480608616555,0.000594000594000594,2.0,3367.0,378.0,0.0,0.0,0.0,0.25,0.5,0.35,1.0,0.35,1.0,0.0,0.2592905405405405,307.0,,,,0.0
248,0.49181344579508807,0.0011933174224343676,4.0,3352.0,378.0,0.0,0.0,0.0,0.20833333333333331,0.5,0.20833333333333331,0.5,0.2673611111111111,1.0,0.0,0.2609427609427609,310.0,,,,0.0
249,0.4919374844951625,0.0008865248226950354,3.0,3384.0,378.0,0.0,0.0,0.0,0.0,0.0,0.0,0.0,0.13333333333333333,1.0,0.0,0.2893539581437671,318.0,,,,0.0
250,0.4920201769618788,0.0005908419497784342,2.0,3385.0,378.0,0.0,0.0,0.0,0.41666666666666663,1.0,0.41666666666666663,1.0,0.41666666666666663,1.0,0.0,0.26970227670753066,308.0,2.0625,0.05837064429050383,0.10925006938358664,0.0
251,0.49210286942859505,0.0005924170616113745,2.0,3376.0,378.0,0.0,0.5,0.5,0.5,0.5,0.5,0.5,0.5555555555555556,1.0,0.0026455026455026454,0.26770293609671847,310.0,,,,0.0
252,0.4922269081286695,0.0008939213349225268,3.0,3356.0,378.0,0.0,0.3333333333333333,0.3333333333333333,0.3333333333333333,0.3333333333333333,0.3333333333333333,0.3333333333333333,0.4166666666666667,1.0,0.0026455026455026454,0.2663755458515284,305.0,,,,0.0
253,0.49230960059538575,0.0006033182503770739,2.0,3315.0,378.0,0.0,0.0,0.0,0.0,0.0,0.125,0.5,0.1875,1.0,0.0,0.268059181897302,308.0,,,,0.0
254,0.4924336392954602,0.0008965929468021519,3.0,3346.0,378.0,0.0,0.5,0.5,0.5,0.5,0.625,1.0,0.625,1.0,0.0026455026455026454,0.2678260869565217,308.0,,,,0.0
255,0.49272306292896717,0.0020983213429256594,7.0,3336.0,378.0,0.0,0.14285714285714285,0.14285714285714285,0.14285714285714285,0.14285714285714285,0.17857142857142858,0.2857142857142857,0.2595238095238095,1.0,0.0026455026455026454,0.25040783034257746,307.0,,,,0.0
256,0.49276440916232533,0.00029994001199760045,1.0,3334.0,378.0,0.0,1.0,1.0,1.0,1.0,1.0,1.0,1.0,1.0,0.0026455026455026454,0.2607232968881413,310.0,,,,0.0
257,0.49280575539568344,0.00030376670716889426,1.0,3292.0,378.0,0.0,0.0,0.0,0.0,0.0,0.0,0.0,0.16666666666666666,1.0,0.0,0.27491408934707906,320.0,,,,0.0
258,0.4928471016290416,0.000293513354857646,1.0,3407.0,378.0,0.0,0.0,0.0,0.0,0.0,0.0,0.0,0.125,1.0,0.0,0.2807323452484743,322.0,,,,0.0
259,0.4930951790291904,0.0017958695001496557,6.0,3341.0,378.0,0.0,0.16666666666666666,0.16666666666666666,0.16666666666666666,0.16666666666666666,0.2916666666666667,0.6666666666666666,0.3361111111111111,1.0,0.0026455026455026454,0.2554438860971524,305.0,,,,0.0
260,0.49317787149590675,0.000598623166716552,2.0,3341.0,378.0,0.0,0.0,0.0,0.0,0.0,0.125,0.5,0.20833333333333331,1.0,0.0,0.2676056338028169,304.0,2.0362694300518136,0.05834898348389507,0.10349381579409037,0.0
261,0.493260563962623,0.0006103143118706134,2.0,3277.0,378.0,0.0,0.0,0.0,0.25,0.5,0.35,1.0,0.35,1.0,0.0,0.26480836236933797,304.0,,,,0.0
262,0.49330191019598113,0.0002967359050445104,1.0,3370.0,378.0,0.0,0.0,0.0,0.0,0.0,0.0,0.0,0.16666666666666666,1.0,0.0,0.26666666666666666,316.0,,,,0.0
263,0.49330191019598113,0.0,0.0,3346.0,378.0,0.0,,,,,,,,,0.0,0.2602040816326531,306.0,,,,0.0
264,0.49330191019598113,0.0,0.0,3287.0,378.0,0.0,,,,,,,,,0.0,0.2629757785467128,304.0,,,,0.0
265,0.4933432564293393,0.00029850746268656717,1.0,3350.0,378.0,0.0,1.0,1.0,1.0,1.0,1.0,1.0,1.0,1.0,0.0026455026455026454,0.27209098862642167,311.0,,,,0.0
266,0.49350864136277184,0.0012073649260488982,4.0,3313.0,378.0,0.0,0.0,0.0,0.125,0.25,0.125,0.25,0.2222222222222222,1.0,0.0,0.2770448548812665,315.0,,,,0.0
267,0.4937567187629207,0.0018159806295399517,6.0,3304.0,378.0,0.0,0.0,0.0,0.1,0.2,0.2,0.6,0.24222222222222226,1.0,0.0,0.2627416520210896,299.0,,,,0.0
268,0.493839411229637,0.0005927682276229994,2.0,3374.0,378.0,0.0,0.0,0.0,0.16666666666666666,0.5,0.16666666666666666,0.5,0.2222222222222222,1.0,0.0,0.27177700348432055,312.0,,,,0.0
269,0.49388075746299515,0.00030165912518853697,1.0,3315.0,378.0,0.0,0.0,0.0,0.0,0.0,0.0,0.0,0.16666666666666666,1.0,0.0,0.2671232876712329,312.0,,,,0.0
270,0.4940047961630695,0.0008995502248875562,3.0,3335.0,378.0,0.0,0.0,0.0,0.1111111111111111,0.3333333333333333,0.1111111111111111,0.3333333333333333,0.20634920634920637,1.0,0.0,0.2571428571428571,297.0,2.015625,0.05833611301724902,0.09360585592690274,0.0
271,0.49408748862978585,0.0005934718100890207,2.0,3370.0,378.0,0.0,0.0,0.0,0.41666666666666663,1.0,0.41666666666666663,1.0,0.41666666666666663,1.0,0.0,0.2718696397941681,317.0,,,,0.0
272,0.49412883486314396,0.00029967036260113877,1.0,3337.0,378.0,0.0,0.0,0.0,0.5,1.0,0.5,1.0,0.5,1.0,0.0,0.2589508742714405,311.0,,,,0.0
273,0.49421152732986023,0.0006018657839301836,2.0,3323.0,378.0,0.0,0.0,0.0,0.0,0.0,0.0,0.0,0.13392857142857142,1.0,0.0,0.2659758203799655,308.0,,,,0.0
274,0.4942942197965765,0.0005973715651135006,2.0,3348.0,378.0,0.0,0.0,0.0,0.0,0.0,0.1,0.5,0.1625,1.0,0.0,0.2697715289982425,307.0,,,,0.0
275,0.49433556602993467,0.00030193236714975844,1.0,3312.0,378.0,0.0,0.0,0.0,0.0,0.0,0.0,0.0,0.14285714285714285,1.0,0.0,0.2832014072119613,322.0,,,,0.0
276,0.49441825849665094,0.000594000594000594,2.0,3367.0,378.0,0.0,0.5,0.5,0.5,0.5,0.6,1.0,0.6,1.0,0.0026455026455026454,0.2559322033898305,302.0,,,,0.0
277,0.4945009509633672,0.0006022282445046673,2.0,3321.0,378.0,0.0,0.0,0.0,0.25,0.5,0.35,1.0,0.35,1.0,0.0,0.25677966101694916,303.0,,,,0.0
278,0.49458364343008354,0.0005975500448162533,2.0,3347.0,378.0,0.0,0.5,0.5,0.5,0.5,0.625,1.0,0.625,1.0,0.0026455026455026454,0.2606473594548552,306.0,,,,0.0
279,0.49462498966344165,0.0002977963073257892,1.0,3358.0,378.0,0.0,0.0,0.0,0.0,0.0,0.0,0.0,0.16666666666666666,1.0,0.0,0.2571912013536379,304.0,,,,0.0
280,0.4947490283635161,0.0008973975471133712,3.0,3343.0,378.0,0.0,0.0,0.0,0.1111111111111111,0.3333333333333333,0.24444444444444446,1.0,0.24444444444444446,1.0,0.0,0.2684622067767159,309.0,2.0362694300518136,0.05824798352716597,0.10910822377717928,0.0
281,0.4947490283635161,0.0,0.0,3373.0,378.0,0.0,,,,,,,,,0.0,0.26382978723404255,310.0,,,,0.0
282,0.49479037459687425,0.00030039050765995795,1.0,3329.0,378.0,0.0,0.0,0.0,0.0,0.0,0.0,0.0,0.125,1.0,0.0,0.2586054721977052,293.0,,,,0.0
283,0.4948730670635905,0.0005938242280285036,2.0,3368.0,378.0,0.0,0.0,0.0,0.25,0.5,0.35,1.0,0.35,1.0,0.0,0.26329113924050634,312.0,,,,0.0
284,0.4949557595303068,0.0005925925925925926,2.0,3375.0,378.0,0.0,0.5,0.5,0.5,0.5,0.625,1.0,0.625,1.0,0.0026455026455026454,0.2533557046979866,302.0,,,,0.0
285,0.49503845199702307,0.0005931198102016608,2.0,3372.0,378.0,0.0,0.0,0.0,0.0,0.0,0.125,0.5,0.20833333333333331,1.0,0.0,0.26666666666666666,312.0,,,,0.0
286,0.49507979823038123,0.0003009328919650918,1.0,3323.0,378.0,0.0,0.0,0.0,0.5,1.0,0.5,1.0,0.5,1.0,0.0,0.26776429809358754,309.0,,,,0.0
287,0.4952038369304556,0.0009000900090009,3.0,3333.0,378.0,0.0,0.0,0.0,0.1111111111111111,0.3333333333333333,0.17777777777777778,0.6666666666666666,0.21944444444444444,1.0,0.0,0.2766143106457243,317.0,,,,0.0
288,0.4953692218638882,0.001198681450404555,4.0,3337.0,378.0,0.0,0.25,0.25,0.375,0.5,0.375,0.5,0.4444444444444444,1.0,0.0026455026455026454,0.2768817204301075,309.0,,,,0.0
289,0.49549326056396265,0.0008955223880597015,3.0,3350.0,378.0,0.0,0.6666666666666666,0.6666666666666666,0.6666666666666666,0.6666666666666666,0.75,1.0,0.75,1.0,0.005291005291005291,0.2578992314261315,302.0,,,,0.0
290,0.4955759530306789,0.0005878894767783657,2.0,3402.0,378.0,0.0,1.0,1.0,1.0,1.0,1.0,1.0,1.0,1.0,0.005291005291005291,0.2601010101010101,309.0,2.0157894736842104,0.058136974185019785,0.10898791652873754,0.0
291,0.49569999173075335,0.0009033423667570009,3.0,3321.0,378.0,0.0,0.0,0.0,0.0,0.0,0.0,0.0,0.14444444444444446,1.0,0.0,0.26139294926913154,304.0,,,,0.0
292,0.4958653766641859,0.0011908306043465317,4.0,3359.0,378.0,0.0,0.0,0.0,0.16666666666666666,0.5,0.16666666666666666,0.5,0.22738095238095238,1.0,0.0,0.2666083916083916,305.0,,,,0.0
293,0.49590672289754406,0.00029682398337785694,1.0,3369.0,378.0,0.0,0.0,0.0,0.0,0.0,0.0,0.0,0.1,1.0,0.0,0.2701048951048951,309.0,,,,0.0
294,0.49594806913090217,0.0002978850163836759,1.0,3357.0,378.0,0.0,0.0,0.0,0.0,0.0,0.2,1.0,0.2,1.0,0.0,0.26939843068875324,309.0,,,,0.0
295,0.49598941536426033,0.00029806259314456036,1.0,3355.0,378.0,0.0,0.0,0.0,0.0,0.0,0.0,0.0,0.1,1.0,0.0,0.2653061224489796,312.0,,,,0.0
296,0.49619614653105104,0.0014671361502347417,5.0,3408.0,378.0,0.0,0.0,0.0,0.0,0.0,0.09,0.4,0.1607936507936508,1.0,0.0,0.28065395095367845,309.0,,,,0.0
297,0.49619614653105104,0.0,0.0,3340.0,378.0,0.0,,,,,,,,,0.0,0.26090750436300175,299.0,,,,0.0
298,0.49623749276440915,0.00030039050765995795,1.0,3329.0,378.0,0.0,0.0,0.0,0.0,0.0,0.0,0.0,0.16666666666666666,1.0,0.0,0.26678603401969564,298.0,,,,0.0
299,0.4962788389977673,0.0002964719833975689,1.0,3373.0,378.0,0.0,0.0,0.0,0.5,1.0,0.5,1.0,0.5,1.0,0.0,0.2706185567010309,315.0,,,,0.0
300,0.4963201852311254,0.0002975304968759298,1.0,3361.0,378.0,0.0,1.0,1.0,1.0,1.0,1.0,1.0,1.0,1.0,0.0026455026455026454,0.2604255319148936,306.0,2.0260416666666665,0.05804670629138983,0.1088623819346402,0.0
301,0.4963615314644836,0.0002963841138114997,1.0,3374.0,378.0,0.0,0.0,0.0,0.0,0.0,0.0,0.0,0.16666666666666666,1.0,0.0,0.26329331046312177,307.0,,,,0.0
302,0.49640287769784175,0.0002969121140142518,1.0,3368.0,378.0,0.0,0.0,0.0,0.0,0.0,0.0,0.0,0.1,1.0,0.0,0.265993265993266,316.0,,,,0.0
303,0.49644422393119986,0.0002961208172934557,1.0,3377.0,378.0,0.0,0.0,0.0,0.0,0.0,0.0,0.0,0.14285714285714285,1.0,0.0,0.2717110920034394,316.0,,,,0.0
304,0.4965682626312743,0.0008880994671403197,3.0,3378.0,378.0,0.0,0.0,0.0,0.1111111111111111,0.3333333333333333,0.2611111111111111,1.0,0.2611111111111111,1.0,0.0,0.2729636048526863,315.0,,,,0.0
305,0.49665095509799057,0.0005945303210463733,2.0,3364.0,378.0,0.0,0.0,0.0,0.0,0.0,0.0,0.0,0.1125,1.0,0.0,0.271036315323295,306.0,,,,0.0
306,0.49665095509799057,0.0,0.0,3341.0,378.0,0.0,,,,,,,,,0.0,0.2627484874675886,304.0,,,,0.0
307,0.49673364756470684,0.0005927682276229994,2.0,3374.0,378.0,0.0,0.5,0.5,0.75,1.0,0.75,1.0,0.75,1.0,0.0026455026455026454,0.26747195858498707,310.0,,,,0.0
308,0.49681634003142316,0.0005963029218843172,2.0,3354.0,378.0,0.0,0.0,0.0,0.25,0.5,0.25,0.5,0.3,1.0,0.0,0.27583187390542907,315.0,,,,0.0
309,0.4968576862647813,0.0002984183825723665,1.0,3351.0,378.0,0.0,0.0,0.0,0.0,0.0,0.0,0.0,0.1111111111111111,1.0,0.0,0.269000853970965,315.0,,,,0.0
310,0.4969817249648557,0.0008915304606240713,3.0,3365.0,378.0,0.0,0.0,0.0,0.0,0.0,0.0,0.0,0.14484126984126985,1.0,0.0,0.2556131260794473,296.0,2.0362694300518136,0.05802879467332826,0.10848477209692411,0.0
311,0.49714710989828825,0.0011951000896325067,4.0,3347.0,378.0,0.0,0.25,0.25,0.375,0.5,0.375,0.5,0.4444444444444445,1.0,0.0026455026455026454,0.25677966101694916,303.0,,,,0.0
312,0.4972298023650045,0.0006009615384615385,2.0,3328.0,378.0,0.0,0.5,0.5,0.5,0.5,0.5,0.5,0.5833333333333334,1.0,0.0026455026455026454,0.2686056458511548,314.0,,,,0.0
313,0.4972711485983627,0.00030339805825242716,1.0,3296.0,378.0,0.0,0.0,0.0,0.0,0.0,0.0,0.0,0.1111111111111111,1.0,0.0,0.2640067911714771,311.0,,,,0.0
314,0.49731249483172085,0.00030111412225233364,1.0,3321.0,378.0,0.0,1.0,1.0,1.0,1.0,1.0,1.0,1.0,1.0,0.0026455026455026454,0.262882096069869,301.0,,,,0.0
315,0.49735384106507896,0.0002983293556085919,1.0,3352.0,378.0,0.0,0.0,0.0,0.0,0.0,0.25,1.0,0.25,1.0,0.0,0.2625745950554135,308.0,,,,0.0
316,0.4973951872984371,0.0003023888720895071,1.0,3307.0,378.0,0.0,0.0,0.0,0.5,1.0,0.5,1.0,0.5,1.0,0.0,0.2755905511811024,315.0,,,,0.0
317,0.4973951872984371,0.0,0.0,3354.0,378.0,0.0,,,,,,,,,0.0,0.26288659793814434,306.0,,,,0.0
318,0.4973951872984371,0.0,0.0,3326.0,378.0,0.0,,,,,,,,,0.0,0.27154046997389036,312.0,,,,0.0
319,0.49743653353179523,0.000297000297000297,1.0,3367.0,378.0,0.0,1.0,1.0,1.0,1.0,1.0,1.0,1.0,1.0,0.0026455026455026454,0.2502120441051739,295.0,,,,0.0
320,0.49743653353179523,0.0,0.0,3318.0,378.0,0.0,,,,,,,,,0.0,0.26475548060708265,314.0,2.021390374331551,0.05795780348427651,0.10787564179459434,0.0
321,0.49743653353179523,0.0,0.0,3350.0,378.0,0.0,,,,,,,,,0.0,0.2673702726473175,304.0,,,,0.0
322,0.4974778797651534,0.000297000297000297,1.0,3367.0,378.0,0.0,1.0,1.0,1.0,1.0,1.0,1.0,1.0,1.0,0.0026455026455026454,0.2715939447907391,305.0,,,,0.0
323,0.49751922599851156,0.0003022061045633122,1.0,3309.0,378.0,0.0,0.0,0.0,0.0,0.0,0.25,1.0,0.25,1.0,0.0,0.2708512467755804,315.0,,,,0.0
324,0.49756057223186967,0.00029806259314456036,1.0,3355.0,378.0,0.0,1.0,1.0,1.0,1.0,1.0,1.0,1.0,1.0,0.0026455026455026454,0.26547921967769295,313.0,,,,0.0
325,0.49760191846522783,0.00030039050765995795,1.0,3329.0,378.0,0.0,0.0,0.0,0.0,0.0,0.0,0.0,0.1111111111111111,1.0,0.0,0.2621527777777778,302.0,,,,0.0
326,0.49764326469858594,0.00030039050765995795,1.0,3329.0,378.0,0.0,0.0,0.0,0.5,1.0,0.5,1.0,0.5,1.0,0.0,0.2672929120409906,313.0,,,,0.0
327,0.49772595716530227,0.0005924170616113745,2.0,3376.0,378.0,0.0,0.0,0.0,0.0,0.0,0.125,0.5,0.1875,1.0,0.0,0.2611683848797251,304.0,,,,0.0
328,0.49772595716530227,0.0,0.0,3307.0,378.0,0.0,,,,,,,,,0.0,0.2789473684210526,318.0,,,,0.0
329,0.49784999586537665,0.0008968609865470852,3.0,3345.0,378.0,0.0,0.3333333333333333,0.3333333333333333,0.3333333333333333,0.3333333333333333,0.3333333333333333,0.3333333333333333,0.425925925925926,1.0,0.0026455026455026454,0.26180257510729615,305.0,,,,0.0
330,0.4978913420987348,0.000293513354857646,1.0,3407.0,378.0,0.0,0.0,0.0,0.0,0.0,0.0,0.0,0.1,1.0,0.0,0.25891341256366723,305.0,2.0523560209424083,0.057902497079058396,0.10843829758837752,0.0
331,0.4979326883320929,0.0002960331557134399,1.0,3378.0,378.0,0.0,0.0,0.0,0.0,0.0,0.0,0.0,0.16666666666666666,1.0,0.0,0.26366001734605377,304.0,,,,0.0
332,0.4979326883320929,0.0,0.0,3338.0,378.0,0.0,,,,,,,,,0.0,0.2729636048526863,315.0,,,,0.0
333,0.4979740345654511,0.0002959455460195324,1.0,3379.0,378.0,0.0,0.0,0.0,0.0,0.0,0.0,0.0,0.125,1.0,0.0,0.27521367521367524,322.0,,,,0.0
334,0.49801538079880925,0.00029967036260113877,1.0,3337.0,378.0,0.0,0.0,0.0,0.0,0.0,0.0,0.0,0.125,1.0,0.0,0.2712765957446808,306.0,,,,0.0
335,0.49801538079880925,0.0,0.0,3359.0,378.0,0.0,,,,,,,,,0.0,0.2677165354330709,306.0,,,,0.0
336,0.49801538079880925,0.0,0.0,3407.0,378.0,0.0,,,,,,,,,0.0,0.25910245554614736,306.0,,,,0.0
337,0.49805672703216736,0.0003007518796992481,1.0,3325.0,378.0,0.0,0.0,0.0,0.0,0.0,0.25,1.0,0.25,1.0,0.0,0.26672458731537796,307.0,,,,0.0
338,0.49805672703216736,0.0,0.0,3310.0,378.0,0.0,,,,,,,,,0.0,0.28113879003558717,316.0,,,,0.0
339,0.49805672703216736,0.0,0.0,3354.0,378.0,0.0,,,,,,,,,0.0,0.2722558340535869,315.0,,,,0.0
340,0.49805672703216736,0.0,0.0,3375.0,378.0,0.0,,,,,,,,,0.0,0.2697201017811705,318.0,2.0729166666666665,0.05788971504426871,0.10807184393422438,0.0
341,0.4980980732655255,0.00029342723004694836,1.0,3408.0,378.0,0.0,0.0,0.0,0.0,0.0,0.0,0.0,0.1,1.0,0.0,0.27598566308243727,308.0,,,,0.0
342,0.4980980732655255,0.0,0.0,3349.0,378.0,0.0,,,,,,,,,0.0,0.2698961937716263,312.0,,,,0.0
343,0.49813941949888363,0.00030184123151222455,1.0,3313.0,378.0,0.0,0.0,0.0,0.0,0.0,0.0,0.0,0.1,1.0,0.0,0.2598491198658843,310.0,,,,0.0
344,0.49826345819895806,0.0008878366380585972,3.0,3379.0,378.0,0.0,0.0,0.0,0.0,0.0,0.0,0.0,0.12261904761904763,1.0,0.0,0.2791922739244952,318.0,,,,0.0
345,0.49830480443231623,0.00030358227079538557,1.0,3294.0,378.0,0.0,0.0,0.0,0.0,0.0,0.0,0.0,0.125,1.0,0.0,0.2712765957446808,306.0,,,,0.0
346,0.49834615066567434,0.000297441998810232,1.0,3362.0,378.0,0.0,0.0,0.0,0.0,0.0,0.0,0.0,0.16666666666666666,1.0,0.0,0.2690972222222222,310.0,,,,0.0
347,0.49842884313239066,0.0005934718100890207,2.0,3370.0,378.0,0.0,0.0,0.0,0.0,0.0,0.0,0.0,0.11805555555555555,1.0,0.0,0.26416739319965127,303.0,,,,0.0
348,0.4984701893657488,0.00030012004801920766,1.0,3332.0,378.0,0.0,0.0,0.0,0.0,0.0,0.0,0.0,0.125,1.0,0.0,0.26943462897526504,305.0,,,,0.0
349,0.49851153559910694,0.0003002101471029721,1.0,3331.0,378.0,0.0,1.0,1.0,1.0,1.0,1.0,1.0,1.0,1.0,0.0026455026455026454,0.26978723404255317,317.0,,,,0.0
350,0.49855288183246504,0.0002995805871779509,1.0,3338.0,378.0,0.0,1.0,1.0,1.0,1.0,1.0,1.0,1.0,1.0,0.0026455026455026454,0.2655849701110162,311.0,2.0423280423280423,0.0579462180880255,0.10811381890379504,0.0
351,0.49863557429918137,0.0006024096385542169,2.0,3320.0,378.0,0.0,0.0,0.0,0.16666666666666666,0.5,0.26666666666666666,1.0,0.26666666666666666,1.0,0.0,0.2751736111111111,317.0,,,,0.0
352,0.49863557429918137,0.0,0.0,3322.0,378.0,0.0,,,,,,,,,0.0,0.2641509433962264,308.0,,,,0.0
353,0.4986769205325395,0.0002962085308056872,1.0,3376.0,378.0,0.0,0.0,0.0,0.0,0.0,0.0,0.0,0.1,1.0,0.0,0.2612687813021703,313.0,,,,0.0
354,0.498842305465972,0.0011929615269907546,4.0,3353.0,378.0,0.0,0.0,0.0,0.0,0.0,0.0,0.0,0.14434523809523808,1.0,0.0,0.2755194218608853,305.0,,,,0.0
355,0.498842305465972,0.0,0.0,3362.0,378.0,0.0,,,,,,,,,0.0,0.26139294926913154,304.0,,,,0.0
356,0.4990076903994046,0.0012099213551119178,4.0,3306.0,378.0,0.0,0.0,0.0,0.0,0.0,0.0625,0.25,0.16765873015873017,1.0,0.0,0.272648835202761,316.0,,,,0.0
357,0.4990903828661209,0.0006000600060006001,2.0,3333.0,378.0,0.0,0.5,0.5,0.75,1.0,0.75,1.0,0.75,1.0,0.0026455026455026454,0.2731164383561644,319.0,,,,0.0
358,0.49913172909947906,0.0003029385034837928,1.0,3301.0,378.0,0.0,0.0,0.0,0.0,0.0,0.0,0.0,0.1111111111111111,1.0,0.0,0.2674933569530558,302.0,,,,0.0
359,0.49913172909947906,0.0,0.0,3345.0,378.0,0.0,,,,,,,,,0.0,0.2798573975044563,314.0,,,,0.0
360,0.49917307533283717,0.00029770765108663293,1.0,3359.0,378.0,0.0,0.0,0.0,0.0,0.0,0.0,0.0,0.1,1.0,0.0,0.271036315323295,306.0,2.0358974358974358,0.05789788299509363,0.10814170832568631,0.0
361,0.49925576779955344,0.0005934718100890207,2.0,3370.0,378.0,0.0,0.0,0.0,0.0,0.0,0.2,1.0,0.2,1.0,0.0,0.263249348392702,303.0,,,,0.0
362,0.4992971140329116,0.0002948982601002654,1.0,3391.0,378.0,0.0,0.0,0.0,0.0,0.0,0.2,1.0,0.2,1.0,0.0,0.2591645353793691,304.0,,,,0.0
363,0.4995038451997023,0.001481042654028436,5.0,3376.0,378.0,0.0,0.0,0.0,0.1,0.2,0.1,0.2,0.20888888888888885,1.0,0.0,0.2828014184397163,319.0,,,,0.0
364,0.4995451914330605,0.0002938583602703497,1.0,3403.0,378.0,0.0,0.0,0.0,0.3333333333333333,1.0,0.3333333333333333,1.0,0.3333333333333333,1.0,0.0,0.2770979020979021,317.0,,,,0.0
365,0.4995451914330605,0.0,0.0,3338.0,378.0,0.0,,,,,,,,,0.0,0.27007943512797883,306.0,,,,0.0
366,0.49962788389977675,0.0005920663114268798,2.0,3378.0,378.0,0.0,0.5,0.5,0.5,0.5,0.5,0.5,0.5625,1.0,0.0026455026455026454,0.26273458445040215,294.0,,,,0.0
367,0.49966923013313486,0.00029291154071470416,1.0,3414.0,378.0,0.0,1.0,1.0,1.0,1.0,1.0,1.0,1.0,1.0,0.0026455026455026454,0.2620274914089347,305.0,,,,0.0
368,0.499710576366493,0.00030175015087507544,1.0,3314.0,378.0,0.0,0.0,0.0,0.0,0.0,0.25,1.0,0.25,1.0,0.0,0.27232142857142855,305.0,,,,0.0
369,0.49975192259985113,0.00029806259314456036,1.0,3355.0,378.0,0.0,0.0,0.0,0.0,0.0,0.0,0.0,0.14285714285714285,1.0,0.0,0.2649350649350649,306.0,,,,0.0
370,0.49975192259985113,0.0,0.0,3325.0,378.0,0.0,,,,,,,,,0.0,0.2696035242290749,306.0,2.062176165803109,0.05783897627023067,0.11377156966144886,0.0
371,0.49975192259985113,0.0,0.0,3385.0,378.0,0.0,,,,,,,,,0.0,0.2646551724137931,307.0,,,,0.0
372,0.4997932688332093,0.0002975304968759298,1.0,3361.0,378.0,0.0,1.0,1.0,1.0,1.0,1.0,1.0,1.0,1.0,0.0026455026455026454,0.28172817281728174,313.0,,,,0.0
373,0.4997932688332093,0.0,0.0,3314.0,378.0,0.0,,,,,,,,,0.0,0.2766695576756288,319.0,,,,0.0
374,0.49983461506656746,0.0003023888720895071,1.0,3307.0,378.0,0.0,0.0,0.0,0.3333333333333333,1.0,0.3333333333333333,1.0,0.3333333333333333,1.0,0.0,0.2603448275862069,302.0,,,,0.0
375,0.49987596129992556,0.0003022974607013301,1.0,3308.0,378.0,0.0,0.0,0.0,0.0,0.0,0.0,0.0,0.14285714285714285,1.0,0.0,0.2826086956521739,312.0,,,,0.0
376,0.49991730753328373,0.00030003000300030005,1.0,3333.0,378.0,0.0,0.0,0.0,0.0,0.0,0.0,0.0,0.16666666666666666,1.0,0.0,0.26831421006178285,304.0,,,,0.0
377,0.49991730753328373,0.0,0.0,3348.0,378.0,0.0,,,,,,,,,0.0,0.26056945642795515,302.0,,,,0.0
378,0.49991730753328373,0.0,0.0,3316.0,378.0,0.0,,,,,,,,,0.0,0.2773037542662116,325.0,,,,0.0
379,0.49995865376664184,0.0002978850163836759,1.0,3357.0,378.0,0.0,0.0,0.0,0.0,0.0,0.0,0.0,0.125,1.0,0.0,0.2801801801801802,311.0,,,,0.0
380,0.5,0.00029824038174768865,1.0,3353.0,378.0,0.0,0.0,0.0,0.0,0.0,0.0,0.0,0.1111111111111111,1.0,0.0,0.26852659110723626,308.0,2.0260416666666665,0.057843303548943875,0.11350797718037461,0.0
381,0.5000413462333582,0.00030084235860409147,1.0,3324.0,378.0,0.0,0.0,0.0,0.0,0.0,0.0,0.0,0.1,1.0,0.0,0.27855887521968364,317.0,,,,0.0
382,0.5001653849334325,0.0009009009009009009,3.0,3330.0,378.0,0.0,0.3333333333333333,0.3333333333333333,0.3333333333333333,0.3333333333333333,0.3333333333333333,0.3333333333333333,0.4142857142857143,1.0,0.0026455026455026454,0.2786458333333333,321.0,,,,0.0
383,0.5001653849334325,0.0,0.0,3307.0,378.0,0.0,,,,,,,,,0.0,0.2719298245614035,310.0,,,,0.0
384,0.5001653849334325,0.0,0.0,3305.0,378.0,0.0,,,,,,,,,0.0,0.2686056458511548,314.0,,,,0.0
385,0.500289423633507,0.0008973975471133712,3.0,3343.0,378.0,0.0,0.0,0.0,0.0,0.0,0.0,0.0,0.125,1.0,0.0,0.2602510460251046,311.0,,,,0.0
386,0.5003307698668651,0.00030147723846849563,1.0,3317.0,378.0,0.0,0.0,0.0,0.0,0.0,0.25,1.0,0.25,1.0,0.0,0.27506654835847383,310.0,,,,0.0
387,0.5003307698668651,0.0,0.0,3367.0,378.0,0.0,,,,,,,,,0.0,0.27486910994764396,315.0,,,,0.0
388,0.5003721161002233,0.00029895366218236175,1.0,3345.0,378.0,0.0,1.0,1.0,1.0,1.0,1.0,1.0,1.0,1.0,0.0026455026455026454,0.27722772277227725,308.0,,,,0.0
389,0.5004134623335814,0.0002991325157044571,1.0,3343.0,378.0,0.0,0.0,0.0,0.0,0.0,0.25,1.0,0.25,1.0,0.0,0.25320786997433703,296.0,,,,0.0
390,0.5005375010336558,0.0009025270758122744,3.0,3324.0,378.0,0.0,0.0,0.0,0.0,0.0,0.15,0.6666666666666666,0.1976190476190476,1.0,0.0,0.25166666666666665,302.0,2.0364583333333335,0.057787872760005896,0.09834887718366475,0.0
391,0.5006201935003721,0.0005995203836930455,2.0,3336.0,378.0,0.0,0.0,0.0,0.16666666666666666,0.5,0.16666666666666666,0.5,0.25,1.0,0.0,0.27630375114364136,302.0,,,,0.0
392,0.5006615397337303,0.0002994908655286014,1.0,3339.0,378.0,0.0,0.0,0.0,0.0,0.0,0.0,0.0,0.14285714285714285,1.0,0.0,0.2728857890148213,313.0,,,,0.0
393,0.5006615397337303,0.0,0.0,3328.0,378.0,0.0,,,,,,,,,0.0,0.2745974955277281,307.0,,,,0.0
394,0.5008269246671628,0.0012004801920768306,4.0,3332.0,378.0,0.0,0.0,0.0,0.08333333333333333,0.25,0.19583333333333333,0.75,0.23154761904761906,1.0,0.0,0.27876106194690264,315.0,,,,0.0
395,0.5008269246671628,0.0,0.0,3352.0,378.0,0.0,,,,,,,,,0.0,0.2720970537261698,314.0,,,,0.0
396,0.5009923096005954,0.0012004801920768306,4.0,3332.0,378.0,0.0,0.25,0.25,0.25,0.25,0.3,0.5,0.3625,1.0,0.0026455026455026454,0.2651122625215889,307.0,,,,0.0
397,0.5011576945340279,0.0011865915158706616,4.0,3371.0,378.0,0.0,0.25,0.25,0.25,0.25,0.3125,0.5,0.3652777777777778,1.0,0.0026455026455026454,0.26654898499558694,302.0,,,,0.0
398,0.5011576945340279,0.0,0.0,3335.0,378.0,0.0,,,,,,,,,0.0,0.279319606087735,312.0,,,,0.0
399,0.5011576945340279,0.0,0.0,3354.0,378.0,0.0,,,,,,,,,0.0,0.2701048951048951,309.0,,,,0.0
400,0.5011576945340279,0.0,0.0,3383.0,378.0,0.0,,,,,,,,,0.0,0.272264631043257,321.0,2.03125,0.05769843008569232,0.09909736377155402,0.0
401,0.5011576945340279,0.0,0.0,3402.0,378.0,0.0,,,,,,,,,0.0,0.25591216216216217,303.0,,,,0.0
402,0.5012403870007442,0.0006088280060882801,2.0,3285.0,378.0,0.0,0.0,0.0,0.16666666666666666,0.5,0.16666666666666666,0.5,0.21666666666666667,1.0,0.0,0.2734513274336283,309.0,,,,0.0
403,0.5012403870007442,0.0,0.0,3313.0,378.0,0.0,,,,,,,,,0.0,0.27192205491585475,307.0,,,,0.0
404,0.5013230794674605,0.0005993407252022775,2.0,3337.0,378.0,0.0,0.0,0.0,0.5,1.0,0.5,1.0,0.5,1.0,0.0,0.281305114638448,319.0,,,,0.0
405,0.501447118167535,0.0009057971014492754,3.0,3312.0,378.0,0.0,0.3333333333333333,0.3333333333333333,0.3333333333333333,0.3333333333333333,0.39999999999999997,0.6666666666666666,0.44166666666666665,1.0,0.0026455026455026454,0.2670753064798599,305.0,,,,0.0
406,0.501447118167535,0.0,0.0,3298.0,378.0,0.0,,,,,,,,,0.0,0.2670157068062827,306.0,,,,0.0
407,0.5015298106342512,0.0005918910920390648,2.0,3379.0,378.0,0.0,0.0,0.0,0.0,0.0,0.1,0.5,0.17142857142857143,1.0,0.0,0.27851458885941643,315.0,,,,0.0
408,0.5015711568676093,0.0003009328919650918,1.0,3323.0,378.0,0.0,0.0,0.0,0.0,0.0,0.25,1.0,0.25,1.0,0.0,0.2623931623931624,307.0,,,,0.0
409,0.5016538493343257,0.0006047777441790142,2.0,3307.0,378.0,0.0,0.0,0.0,0.0,0.0,0.0,0.0,0.12698412698412698,1.0,0.0,0.26793431287813313,310.0,,,,0.0
410,0.5016538493343257,0.0,0.0,3382.0,378.0,0.0,,,,,,,,,0.0,0.28835978835978837,327.0,2.0572916666666665,0.0576691460837081,0.09858340741571477,0.0
411,0.5016951955676838,0.0003013863773357444,1.0,3318.0,378.0,0.0,0.0,0.0,0.0,0.0,0.0,0.0,0.1,1.0,0.0,0.2741652021089631,312.0,,,,0.0
412,0.5017365418010419,0.0003020235578375113,1.0,3311.0,378.0,0.0,0.0,0.0,0.0,0.0,0.2,1.0,0.2,1.0,0.0,0.27676240208877284,318.0,,,,0.0
413,0.5018192342677582,0.0005885815185403178,2.0,3398.0,378.0,0.0,0.0,0.0,0.0,0.0,0.0,0.0,0.1,1.0,0.0,0.26037069726390116,295.0,,,,0.0
414,0.5018192342677582,0.0,0.0,3310.0,378.0,0.0,,,,,,,,,0.0,0.26851025869759143,301.0,,,,0.0
415,0.5019019267344745,0.0006020469596628537,2.0,3322.0,378.0,0.0,0.0,0.0,0.0,0.0,0.1,0.5,0.18333333333333335,1.0,0.0,0.27697841726618705,308.0,,,,0.0
416,0.5019019267344745,0.0,0.0,3322.0,378.0,0.0,,,,,,,,,0.0,0.2670157068062827,306.0,,,,0.0
417,0.5019019267344745,0.0,0.0,3404.0,378.0,0.0,,,,,,,,,0.0,0.269000853970965,315.0,,,,0.0
418,0.5019846192011908,0.0006040471156750226,2.0,3311.0,378.0,0.0,0.0,0.0,0.41666666666666663,1.0,0.41666666666666663,1.0,0.41666666666666663,1.0,0.0,0.2631578947368421,295.0,,,,0.0
419,0.5020673116679071,0.0006071645415907711,2.0,3294.0,378.0,0.0,0.0,0.0,0.3333333333333333,1.0,0.3333333333333333,1.0,0.3333333333333333,1.0,0.0,0.27241379310344827,316.0,,,,0.0
420,0.5020673116679071,0.0,0.0,3312.0,378.0,0.0,,,,,,,,,0.0,0.259946949602122,294.0,2.0155440414507773,0.05764791011690287,0.09868235653766236,0.0
421,0.5020673116679071,0.0,0.0,3292.0,378.0,0.0,,,,,,,,,0.0,0.2678260869565217,308.0,,,,0.0
422,0.5021086579012652,0.0002998500749625187,1.0,3335.0,378.0,0.0,0.0,0.0,0.3333333333333333,1.0,0.3333333333333333,1.0,0.3333333333333333,1.0,0.0,0.2676678445229682,303.0,,,,0.0
423,0.5021086579012652,0.0,0.0,3381.0,378.0,0.0,,,,,,,,,0.0,0.27320954907161804,309.0,,,,0.0
424,0.5021086579012652,0.0,0.0,3350.0,378.0,0.0,,,,,,,,,0.0,0.27184466019417475,308.0,,,,0.0
425,0.5021086579012652,0.0,0.0,3324.0,378.0,0.0,,,,,,,,,0.0,0.2851919561243144,312.0,,,,0.0
426,0.5021086579012652,0.0,0.0,3347.0,378.0,0.0,,,,,,,,,0.0,0.2658119658119658,311.0,,,,0.0
427,0.5021913503679815,0.0005997001499250374,2.0,3335.0,378.0,0.0,0.0,0.0,0.16666666666666666,0.5,0.26666666666666666,1.0,0.26666666666666666,1.0,0.0,0.263519313304721,307.0,,,,0.0
428,0.5021913503679815,0.0,0.0,3285.0,378.0,0.0,,,,,,,,,0.0,0.270979020979021,310.0,,,,0.0
429,0.5022740428346978,0.0005977286312014345,2.0,3346.0,378.0,0.0,0.0,0.0,0.0,0.0,0.0,0.0,0.12698412698412698,1.0,0.0,0.25894378194207834,304.0,,,,0.0
430,0.502315389068056,0.0003013863773357444,1.0,3318.0,378.0,0.0,0.0,0.0,0.0,0.0,0.0,0.0,0.1,1.0,0.0,0.2695729537366548,303.0,2.0208333333333335,0.05764868952713839,0.08479014606434163,0.0
431,0.502356735301414,0.0003006614552014432,1.0,3326.0,378.0,0.0,0.0,0.0,0.5,1.0,0.5,1.0,0.5,1.0,0.0,0.2697715289982425,307.0,,,,0.0
432,0.502356735301414,0.0,0.0,3359.0,378.0,0.0,,,,,,,,,0.0,0.26643295354951796,304.0,,,,0.0
433,0.5024807740014885,0.0009047044632086852,3.0,3316.0,378.0,0.0,0.0,0.0,0.0,0.0,0.08333333333333333,0.3333333333333333,0.19444444444444442,1.0,0.0,0.26256499133448874,303.0,,,,0.0
434,0.5025634664682047,0.0005975500448162533,2.0,3347.0,378.0,0.0,0.0,0.0,0.0,0.0,0.125,0.5,0.19642857142857142,1.0,0.0,0.2659667541557305,304.0,,,,0.0
435,0.5026048127015629,0.00030175015087507544,1.0,3314.0,378.0,0.0,0.0,0.0,0.5,1.0,0.5,1.0,0.5,1.0,0.0,0.2723330442324371,314.0,,,,0.0
436,0.502646158934921,0.0002952465308532625,1.0,3387.0,378.0,0.0,0.0,0.0,0.3333333333333333,1.0,0.3333333333333333,1.0,0.3333333333333333,1.0,0.0,0.27044025157232704,301.0,,,,0.0
437,0.5026875051682792,0.0003003003003003003,1.0,3330.0,378.0,0.0,0.0,0.0,0.0,0.0,0.0,0.0,0.1111111111111111,1.0,0.0,0.2791922739244952,318.0,,,,0.0
438,0.5026875051682792,0.0,0.0,3292.0,378.0,0.0,,,,,,,,,0.0,0.2800734618916437,305.0,,,,0.0
439,0.5028115438683536,0.0008915304606240713,3.0,3365.0,378.0,0.0,0.3333333333333333,0.3333333333333333,0.3333333333333333,0.3333333333333333,0.4166666666666667,0.6666666666666666,0.45,1.0,0.0026455026455026454,0.2581211589113257,294.0,,,,0.0
440,0.5028528901017117,0.0002969121140142518,1.0,3368.0,378.0,0.0,0.0,0.0,0.5,1.0,0.5,1.0,0.5,1.0,0.0,0.2807174887892377,313.0,2.015228426395939,0.05764709445932842,0.08037086798811185,0.0
441,0.5028942363350699,0.0002994011976047904,1.0,3340.0,378.0,0.0,0.0,0.0,0.3333333333333333,1.0,0.3333333333333333,1.0,0.3333333333333333,1.0,0.0,0.25859106529209624,301.0,,,,0.0
442,0.502935582568428,0.0003003003003003003,1.0,3330.0,378.0,0.0,0.0,0.0,0.0,0.0,0.25,1.0,0.25,1.0,0.0,0.2807971014492754,310.0,,,,0.0
443,0.502935582568428,0.0,0.0,3273.0,378.0,0.0,,,,,,,,,0.0,0.2848101265822785,315.0,,,,0.0
444,0.502935582568428,0.0,0.0,3347.0,378.0,0.0,,,,,,,,,0.0,0.26184323858742464,304.0,,,,0.0
445,0.502935582568428,0.0,0.0,3274.0,378.0,0.0,,,,,,,,,0.0,0.2710196779964222,303.0,,,,0.0
446,0.502935582568428,0.0,0.0,3343.0,378.0,0.0,,,,,,,,,0.0,0.27034120734908135,309.0,,,,0.0
447,0.5030182750351443,0.0006016847172081829,2.0,3324.0,378.0,0.0,0.0,0.0,0.16666666666666666,0.5,0.16666666666666666,0.5,0.25,1.0,0.0,0.2619669277632724,301.0,,,,0.0
448,0.5030182750351443,0.0,0.0,3309.0,378.0,0.0,,,,,,,,,0.0,0.27978339350180503,310.0,,,,0.0
449,0.5031009675018606,0.0005973715651135006,2.0,3348.0,378.0,0.0,0.0,0.0,0.0,0.0,0.0,0.0,0.12142857142857143,1.0,0.0,0.26970227670753066,308.0,,,,0.0
450,0.5031009675018606,0.0,0.0,3336.0,378.0,0.0,,,,,,,,,0.0,0.26343612334801764,299.0,1.9947916666666667,0.05761008404597734,0.08025170765029872,0.0
451,0.5031423137352187,0.0002963841138114997,1.0,3374.0,378.0,0.0,0.0,0.0,0.5,1.0,0.5,1.0,0.5,1.0,0.0,0.27280858676207514,305.0,,,,0.0
452,0.5031836599685768,0.00030156815440289503,1.0,3316.0,378.0,0.0,1.0,1.0,1.0,1.0,1.0,1.0,1.0,1.0,0.0026455026455026454,0.2691637630662021,309.0,,,,0.0
453,0.5031836599685768,0.0,0.0,3369.0,378.0,0.0,,,,,,,,,0.0,0.27296819787985865,309.0,,,,0.0
454,0.5031836599685768,0.0,0.0,3284.0,378.0,0.0,,,,,,,,,0.0,0.2777276825969342,308.0,,,,0.0
455,0.5033076986686513,0.0009171507184347294,3.0,3271.0,378.0,0.0,0.0,0.0,0.16666666666666666,0.3333333333333333,0.16666666666666666,0.3333333333333333,0.2698412698412698,1.0,0.0,0.2744924977934687,311.0,,,,0.0
456,0.5033076986686513,0.0,0.0,3316.0,378.0,0.0,,,,,,,,,0.0,0.26063829787234044,294.0,,,,0.0
457,0.5033490449020094,0.00029761904761904765,1.0,3360.0,378.0,0.0,0.0,0.0,0.0,0.0,0.2,1.0,0.2,1.0,0.0,0.27393617021276595,309.0,,,,0.0
458,0.5033903911353675,0.00030165912518853697,1.0,3315.0,378.0,0.0,0.0,0.0,0.0,0.0,0.2,1.0,0.2,1.0,0.0,0.2755194218608853,305.0,,,,0.0
459,0.5034317373687257,0.0003020235578375113,1.0,3311.0,378.0,0.0,0.0,0.0,0.0,0.0,0.0,0.0,0.1111111111111111,1.0,0.0,0.2867513611615245,316.0,,,,0.0
460,0.5034730836020839,0.0003045994517209869,1.0,3283.0,378.0,0.0,0.0,0.0,0.0,0.0,0.0,0.0,0.16666666666666666,1.0,0.0,0.27481617647058826,299.0,2.0051020408163267,0.057634121095720844,0.08521957370974353,0.0
461,0.5034730836020839,0.0,0.0,3350.0,378.0,0.0,,,,,,,,,0.0,0.27123287671232876,297.0,,,,0.0
462,0.503514429835442,0.0002994908655286014,1.0,3339.0,378.0,0.0,0.0,0.0,0.0,0.0,0.0,0.0,0.16666666666666666,1.0,0.0,0.27090592334494773,311.0,,,,0.0
463,0.5035557760688001,0.0003006614552014432,1.0,3326.0,378.0,0.0,0.0,0.0,0.0,0.0,0.2,1.0,0.2,1.0,0.0,0.2728888888888889,307.0,,,,0.0
464,0.5035557760688001,0.0,0.0,3311.0,378.0,0.0,,,,,,,,,0.0,0.27537511032656664,312.0,,,,0.0
465,0.5035557760688001,0.0,0.0,3316.0,378.0,0.0,,,,,,,,,0.0,0.27837837837837837,309.0,,,,0.0
466,0.5035971223021583,0.0002965599051008304,1.0,3372.0,378.0,0.0,0.0,0.0,0.0,0.0,0.0,0.0,0.1,1.0,0.0,0.28044280442804426,304.0,,,,0.0
467,0.5036384685355164,0.000304228780042592,1.0,3287.0,378.0,0.0,1.0,1.0,1.0,1.0,1.0,1.0,1.0,1.0,0.0026455026455026454,0.273286467486819,311.0,,,,0.0
468,0.5037211610022327,0.0006049606775559589,2.0,3306.0,378.0,0.0,0.0,0.0,0.0,0.0,0.125,0.5,0.175,1.0,0.0,0.2841429880843263,310.0,,,,0.0
469,0.503803853468949,0.0006040471156750226,2.0,3311.0,378.0,0.0,0.0,0.0,0.25,0.5,0.35,1.0,0.35,1.0,0.0,0.284941388638413,316.0,,,,0.0
470,0.503803853468949,0.0,0.0,3321.0,378.0,0.0,,,,,,,,,0.0,0.28102836879432624,317.0,2.0307692307692307,0.05763010121200392,0.08539513361849368,0.0
471,0.5038451997023071,0.00030057108506161706,1.0,3327.0,378.0,0.0,0.0,0.0,0.0,0.0,0.0,0.0,0.1,1.0,0.0,0.2644927536231884,292.0,,,,0.0
472,0.5038451997023071,0.0,0.0,3358.0,378.0,0.0,,,,,,,,,0.0,0.27015057573073514,305.0,,,,0.0
473,0.5038865459356653,0.00030129557095510696,1.0,3319.0,378.0,0.0,0.0,0.0,0.0,0.0,0.25,1.0,0.25,1.0,0.0,0.2719928186714542,303.0,,,,0.0
474,0.5038865459356653,0.0,0.0,3321.0,378.0,0.0,,,,,,,,,0.0,0.2764227642276423,306.0,,,,0.0
475,0.5038865459356653,0.0,0.0,3323.0,378.0,0.0,,,,,,,,,0.0,0.2658008658008658,307.0,,,,0.0
476,0.5039692384023815,0.0005998800239952009,2.0,3334.0,378.0,0.0,0.0,0.0,0.0,0.0,0.125,0.5,0.18055555555555555,1.0,0.0,0.2723330442324371,314.0,,,,0.0
477,0.5040105846357397,0.00030525030525030525,1.0,3276.0,378.0,0.0,0.0,0.0,0.0,0.0,0.25,1.0,0.25,1.0,0.0,0.2631578947368421,295.0,,,,0.0
478,0.5040519308690978,0.00030147723846849563,1.0,3317.0,378.0,0.0,0.0,0.0,0.0,0.0,0.0,0.0,0.14285714285714285,1.0,0.0,0.2723174030658251,302.0,,,,0.0
479,0.5041346233358142,0.0006082725060827251,2.0,3288.0,378.0,0.0,0.5,0.5,0.5,0.5,0.6,1.0,0.6,1.0,0.0026455026455026454,0.2721575649059982,304.0,,,,0.0
480,0.5041759695691722,0.00030184123151222455,1.0,3313.0,378.0,0.0,0.0,0.0,0.0,0.0,0.0,0.0,0.14285714285714285,1.0,0.0,0.26875,301.0,2.0260416666666665,0.05761082116164219,0.09432829191077745,0.0
481,0.5041759695691722,0.0,0.0,3352.0,378.0,0.0,,,,,,,,,0.0,0.27717391304347827,306.0,,,,0.0
482,0.5042173158025304,0.00030057108506161706,1.0,3327.0,378.0,0.0,0.0,0.0,0.0,0.0,0.0,0.0,0.16666666666666666,1.0,0.0,0.27692307692307694,306.0,,,,0.0
483,0.5042586620358885,0.00029877502240812666,1.0,3347.0,378.0,0.0,0.0,0.0,0.0,0.0,0.0,0.0,0.14285714285714285,1.0,0.0,0.2798913043478261,309.0,,,,0.0
484,0.5042586620358885,0.0,0.0,3360.0,378.0,0.0,,,,,,,,,0.0,0.27495621716287216,314.0,,,,0.0
485,0.5042586620358885,0.0,0.0,3337.0,378.0,0.0,,,,,,,,,0.0,0.2697311361665221,311.0,,,,0.0
486,0.5042586620358885,0.0,0.0,3248.0,378.0,0.0,,,,,,,,,0.0,0.2873030583873957,310.0,,,,0.0
487,0.5042586620358885,0.0,0.0,3330.0,378.0,0.0,,,,,,,,,0.0,0.27239488117001825,298.0,,,,0.0
488,0.5043000082692467,0.0002973535533749628,1.0,3363.0,378.0,0.0,0.0,0.0,0.0,0.0,0.0,0.0,0.1111111111111111,1.0,0.0,0.28765880217785844,317.0,,,,0.0
489,0.5043000082692467,0.0,0.0,3360.0,378.0,0.0,,,,,,,,,0.0,0.2753888380603843,301.0,,,,0.0
490,0.5043000082692467,0.0,0.0,3321.0,378.0,0.0,,,,,,,,,0.0,0.2707948243992606,293.0,2.0412371134020617,0.057595975889537146,0.09429026097977777,0.0
491,0.5043000082692467,0.0,0.0,3366.0,378.0,0.0,,,,,,,,,0.0,0.2700534759358289,303.0,,,,0.0
492,0.5043827007359629,0.0006144393241167435,2.0,3255.0,378.0,0.0,0.0,0.0,0.0,0.0,0.0,0.0,0.12142857142857143,1.0,0.0,0.263016157989228,293.0,,,,0.0
493,0.5043827007359629,0.0,0.0,3332.0,378.0,0.0,,,,,,,,,0.0,0.2716711349419124,304.0,,,,0.0
494,0.5043827007359629,0.0,0.0,3345.0,378.0,0.0,,,,,,,,,0.0,0.26423487544483987,297.0,,,,0.0
495,0.5044240469693211,0.0003020235578375113,1.0,3311.0,378.0,0.0,0.0,0.0,0.3333333333333333,1.0,0.3333333333333333,1.0,0.3333333333333333,1.0,0.0,0.27808471454880296,302.0,,,,0.0
496,0.5044240469693211,0.0,0.0,3308.0,378.0,0.0,,,,,,,,,0.0,0.2785388127853881,305.0,,,,0.0
497,0.5044240469693211,0.0,0.0,3320.0,378.0,0.0,,,,,,,,,0.0,0.2815622161671208,310.0,,,,0.0
498,0.5044653932026792,0.00030057108506161706,1.0,3327.0,378.0,0.0,0.0,0.0,0.0,0.0,0.0,0.0,0.1111111111111111,1.0,0.0,0.26480836236933797,304.0,,,,0.0
499,0.5044653932026792,0.0,0.0,3327.0,378.0,0.0,,,,,,,,,0.0,0.2713248638838475,299.0,,,,0.0
