C:\conda\envs\gnn\lib\site-packages\requests\__init__.py:86: RequestsDependencyWarning: Unable to find acceptable character detection dependency (chardet or charset_normalizer).
  warnings.warn(
C:\conda\envs\gnn\lib\site-packages\outdated\__init__.py:36: UserWarning: pkg_resources is deprecated as an API. See https://setuptools.pypa.io/en/latest/pkg_resources.html. The pkg_resources package is slated for removal as early as 2025-11-30. Refrain from using this package or pin to Setuptools<81.
  from pkg_resources import parse_version
[preprocess] Éľłý 38 ¸öąÂÁ˘˝ÚµăŁ¬ĘŁÓŕ 462 ¸ö˝Úµă
Round    1/100  coverage=0.0785  prec@K=0.0174  accepted=16  loss=nan  (0.2s)
Round    2/100  coverage=0.1140  prec@K=0.0207  accepted=19  loss=nan  (0.0s)
Round    3/100  coverage=0.1495  prec@K=0.0207  accepted=19  loss=nan  (0.0s)
Round    4/100  coverage=0.1850  prec@K=0.0207  accepted=19  loss=nan  (0.0s)
Round    5/100  coverage=0.1869  prec@K=0.0011  accepted=1  loss=nan  (0.1s)
Round    6/100  coverage=0.2206  prec@K=0.0196  accepted=18  loss=nan  (0.0s)
Round    7/100  coverage=0.2542  prec@K=0.0196  accepted=18  loss=nan  (0.0s)
Round    8/100  coverage=0.2897  prec@K=0.0207  accepted=19  loss=nan  (0.0s)
Round    9/100  coverage=0.2916  prec@K=0.0011  accepted=1  loss=0.6416  (0.4s)
Round   10/100  coverage=0.2953  prec@K=0.0022  accepted=2  loss=0.6414  (0.1s)
Round   11/100  coverage=0.2953  prec@K=0.0000  accepted=0  loss=0.6401  (0.1s)
Round   12/100  coverage=0.2953  prec@K=0.0000  accepted=0  loss=0.6380  (0.1s)
Round   13/100  coverage=0.2953  prec@K=0.0000  accepted=0  loss=0.6341  (0.1s)
Round   14/100  coverage=0.2953  prec@K=0.0000  accepted=0  loss=0.6305  (0.1s)
Round   15/100  coverage=0.2953  prec@K=0.0000  accepted=0  loss=0.6271  (0.1s)
Round   16/100  coverage=0.2953  prec@K=0.0000  accepted=0  loss=0.6229  (0.1s)
Round   17/100  coverage=0.2953  prec@K=0.0000  accepted=0  loss=0.6200  (0.1s)
Round   18/100  coverage=0.2953  prec@K=0.0000  accepted=0  loss=0.6162  (0.1s)
Round   19/100  coverage=0.2953  prec@K=0.0000  accepted=0  loss=0.6126  (0.1s)
Round   20/100  coverage=0.2953  prec@K=0.0000  accepted=0  loss=0.6101  (0.1s)
Round   21/100  coverage=0.2953  prec@K=0.0000  accepted=0  loss=0.6065  (0.1s)
Round   22/100  coverage=0.2953  prec@K=0.0000  accepted=0  loss=0.6043  (0.1s)
Round   23/100  coverage=0.2953  prec@K=0.0000  accepted=0  loss=0.6023  (0.1s)
Round   24/100  coverage=0.2953  prec@K=0.0000  accepted=0  loss=0.6004  (0.1s)
Round   25/100  coverage=0.2953  prec@K=0.0000  accepted=0  loss=0.5988  (0.1s)
Round   26/100  coverage=0.2953  prec@K=0.0000  accepted=0  loss=0.5973  (0.1s)
Round   27/100  coverage=0.2953  prec@K=0.0000  accepted=0  loss=0.5961  (0.1s)
Round   28/100  coverage=0.2953  prec@K=0.0000  accepted=0  loss=0.5952  (0.1s)
Round   29/100  coverage=0.2953  prec@K=0.0000  accepted=0  loss=0.5945  (0.1s)
Round   30/100  coverage=0.2953  prec@K=0.0000  accepted=0  loss=0.5941  (0.1s)
Round   31/100  coverage=0.2953  prec@K=0.0000  accepted=0  loss=0.5926  (0.1s)
Round   32/100  coverage=0.2953  prec@K=0.0000  accepted=0  loss=0.5927  (0.1s)
Round   33/100  coverage=0.2953  prec@K=0.0000  accepted=0  loss=0.5931  (0.1s)
Round   34/100  coverage=0.2953  prec@K=0.0000  accepted=0  loss=0.5937  (0.1s)
Round   35/100  coverage=0.2953  prec@K=0.0000  accepted=0  loss=0.5932  (0.1s)
Round   36/100  coverage=0.2953  prec@K=0.0000  accepted=0  loss=0.5928  (0.1s)
Round   37/100  coverage=0.2972  prec@K=0.0011  accepted=1  loss=0.5941  (0.1s)
Round   38/100  coverage=0.2972  prec@K=0.0000  accepted=0  loss=0.6039  (0.1s)
Round   39/100  coverage=0.2972  prec@K=0.0000  accepted=0  loss=0.5951  (0.1s)
Round   40/100  coverage=0.2972  prec@K=0.0000  accepted=0  loss=0.5859  (0.1s)
Round   41/100  coverage=0.2972  prec@K=0.0000  accepted=0  loss=0.5926  (0.1s)
Round   42/100  coverage=0.2972  prec@K=0.0000  accepted=0  loss=0.5875  (0.1s)
Round   43/100  coverage=0.2972  prec@K=0.0000  accepted=0  loss=0.5859  (0.1s)
Round   44/100  coverage=0.2972  prec@K=0.0000  accepted=0  loss=0.5722  (0.1s)
Round   45/100  coverage=0.2972  prec@K=0.0000  accepted=0  loss=0.5717  (0.1s)
Round   46/100  coverage=0.2972  prec@K=0.0000  accepted=0  loss=0.5784  (0.1s)
Round   47/100  coverage=0.2972  prec@K=0.0000  accepted=0  loss=0.5730  (0.1s)
Round   48/100  coverage=0.2972  prec@K=0.0000  accepted=0  loss=0.5560  (0.1s)
Round   49/100  coverage=0.2972  prec@K=0.0000  accepted=0  loss=0.5483  (0.1s)
Round   50/100  coverage=0.2972  prec@K=0.0000  accepted=0  loss=0.5453  (0.1s)
Round   51/100  coverage=0.2972  prec@K=0.0000  accepted=0  loss=0.5470  (0.1s)
Round   52/100  coverage=0.2972  prec@K=0.0000  accepted=0  loss=0.5631  (0.1s)
Round   53/100  coverage=0.2972  prec@K=0.0000  accepted=0  loss=0.5487  (0.1s)
Round   54/100  coverage=0.2972  prec@K=0.0000  accepted=0  loss=0.5126  (0.1s)
Round   55/100  coverage=0.2972  prec@K=0.0000  accepted=0  loss=0.5233  (0.1s)
Round   56/100  coverage=0.2972  prec@K=0.0000  accepted=0  loss=0.5321  (0.1s)
Round   57/100  coverage=0.2972  prec@K=0.0000  accepted=0  loss=0.5096  (0.1s)
Round   58/100  coverage=0.2972  prec@K=0.0000  accepted=0  loss=0.5851  (0.1s)
Round   59/100  coverage=0.2991  prec@K=0.0011  accepted=1  loss=0.5305  (0.1s)
Round   60/100  coverage=0.2991  prec@K=0.0000  accepted=0  loss=0.5307  (0.1s)
Round   61/100  coverage=0.2991  prec@K=0.0000  accepted=0  loss=0.5294  (0.1s)
Round   62/100  coverage=0.2991  prec@K=0.0000  accepted=0  loss=0.5516  (0.1s)
Round   63/100  coverage=0.2991  prec@K=0.0000  accepted=0  loss=0.5482  (0.1s)
Round   64/100  coverage=0.2991  prec@K=0.0000  accepted=0  loss=0.5475  (0.1s)
Round   65/100  coverage=0.2991  prec@K=0.0000  accepted=0  loss=0.5122  (0.1s)
Round   66/100  coverage=0.2991  prec@K=0.0000  accepted=0  loss=0.5250  (0.1s)
Round   67/100  coverage=0.2991  prec@K=0.0000  accepted=0  loss=0.5072  (0.1s)
Round   68/100  coverage=0.2991  prec@K=0.0000  accepted=0  loss=0.4754  (0.1s)
Round   69/100  coverage=0.2991  prec@K=0.0000  accepted=0  loss=0.5023  (0.1s)
Round   70/100  coverage=0.2991  prec@K=0.0000  accepted=0  loss=0.5297  (0.1s)
Round   71/100  coverage=0.2991  prec@K=0.0000  accepted=0  loss=0.4832  (0.1s)
Round   72/100  coverage=0.2991  prec@K=0.0000  accepted=0  loss=0.6778  (0.1s)
Round   73/100  coverage=0.2991  prec@K=0.0000  accepted=0  loss=0.4665  (0.1s)
Round   74/100  coverage=0.2991  prec@K=0.0000  accepted=0  loss=0.4231  (0.1s)
Round   75/100  coverage=0.2991  prec@K=0.0000  accepted=0  loss=0.4159  (0.1s)
Round   76/100  coverage=0.2991  prec@K=0.0000  accepted=0  loss=0.5343  (0.1s)
Round   77/100  coverage=0.2991  prec@K=0.0000  accepted=0  loss=0.3982  (0.1s)
Round   78/100  coverage=0.2991  prec@K=0.0000  accepted=0  loss=0.4329  (0.1s)
Round   79/100  coverage=0.2991  prec@K=0.0000  accepted=0  loss=0.4214  (0.1s)
Round   80/100  coverage=0.2991  prec@K=0.0000  accepted=0  loss=0.6029  (0.1s)
Round   81/100  coverage=0.2991  prec@K=0.0000  accepted=0  loss=0.4992  (0.1s)
Round   82/100  coverage=0.2991  prec@K=0.0000  accepted=0  loss=0.4431  (0.1s)
Round   83/100  coverage=0.2991  prec@K=0.0000  accepted=0  loss=0.5801  (0.1s)
Round   84/100  coverage=0.2991  prec@K=0.0000  accepted=0  loss=0.4147  (0.1s)
Round   85/100  coverage=0.2991  prec@K=0.0000  accepted=0  loss=0.4393  (0.1s)
Round   86/100  coverage=0.2991  prec@K=0.0000  accepted=0  loss=0.4080  (0.1s)
Round   87/100  coverage=0.2991  prec@K=0.0000  accepted=0  loss=0.4158  (0.1s)
Round   88/100  coverage=0.2991  prec@K=0.0000  accepted=0  loss=0.4471  (0.1s)
Round   89/100  coverage=0.2991  prec@K=0.0000  accepted=0  loss=0.3885  (0.1s)
Round   90/100  coverage=0.2991  prec@K=0.0000  accepted=0  loss=0.4354  (0.1s)
Round   91/100  coverage=0.2991  prec@K=0.0000  accepted=0  loss=0.3731  (0.1s)
Round   92/100  coverage=0.2991  prec@K=0.0000  accepted=0  loss=0.5667  (0.1s)
Round   93/100  coverage=0.2991  prec@K=0.0000  accepted=0  loss=0.4398  (0.0s)
Round   94/100  coverage=0.2991  prec@K=0.0000  accepted=0  loss=0.3575  (0.1s)
Round   95/100  coverage=0.2991  prec@K=0.0000  accepted=0  loss=0.3738  (0.1s)
Round   96/100  coverage=0.2991  prec@K=0.0000  accepted=0  loss=0.3634  (0.1s)
Round   97/100  coverage=0.2991  prec@K=0.0000  accepted=0  loss=nan  (0.1s)
Round   98/100  coverage=0.2991  prec@K=0.0000  accepted=0  loss=0.3526  (0.1s)
Round   99/100  coverage=0.2991  prec@K=0.0000  accepted=0  loss=0.3948  (0.1s)
Round  100/100  coverage=0.2991  prec@K=0.0000  accepted=0  loss=0.3753  (0.1s)

˝áąűŇŃĐ´Čë results\online\sbm_node_emb_topk20/rounds.csv
